timestamp_acc,device_acc_x,device_acc_y,device_acc_z,earth_acc_x,earth_acc_y,earth_acc_z
1124293979360923, 1.7958134, 2.6165516, 9.402596, -0.039182663, -0.013418913, 9.923629
1124293989001027, 1.7204394, 2.6165516, 9.475577, 0.047497272, 0.0032231808, 9.979506
1124293998641235, 1.6378871, 2.536392, 9.572487, 0.14161146, 0.1067574, 10.035787
1124294008281339, 1.6043876, 2.5351956, 9.629914, 0.18292046, 0.120646715, 10.084073
1124294017921548, 1.6558332, 2.5986054, 9.625129, 0.13229299, 0.056856394, 10.105292
1124294027561652, 1.7706888, 2.6536403, 9.534202, 0.006205678, -0.020322323, 10.053741
1124294037201756, 1.8520447, 2.6596224, 9.412168, -0.08853555, -0.053213596, 9.953989
1124294046841964, 1.9609182, 2.693122, 9.363115, -0.19918859, -0.09717274, 9.935638
1124294056482068, 2.085345, 2.757728, 9.318848, -0.3237307, -0.1712513, 9.932802
1124294066122173, 2.115255, 2.784049, 9.323633, -0.35086882, -0.19559288, 9.949574
1124294075762381, 2.0542383, 2.7948167, 9.391829, -0.279068, -0.18461323, 10.006267
1124294085402485, 1.8987048, 2.7589245, 9.49472, -0.11003518, -0.12309313, 10.066738
1124294095042589, 1.7383857, 2.6871397, 9.499506, 0.044301152, -0.053605556, 10.023898
1124294104682798, 1.5720844, 2.5830522, 9.522238, 0.20406938, 0.05206251, 9.988607
1124294114322902, 1.4907285, 2.5028925, 9.597611, 0.28572595, 0.14529729, 10.024876
1124294123963110, 1.4799608, 2.487339, 9.622736, 0.29504025, 0.1659553, 10.042889
1124294133603214, 1.4919249, 2.487339, 9.577272, 0.27564538, 0.15367532, 10.0018635
1124294143243318, 1.5170496, 2.457429, 9.556933, 0.24288106, 0.1748209, 9.97927
1124294152883527, 1.5924234, 2.469393, 9.553345, 0.16562772, 0.16072845, 9.99234
1124294162523631, 1.7024933, 2.5184457, 9.536594, 0.059036493, 0.10671592, 10.008637
1124294172163735, 1.8053846, 2.605784, 9.495916, -0.044000626, 0.010734081, 10.010988
1124294181803943, 1.9393828, 2.7194428, 9.434899, -0.17749822, -0.11574292, 10.006448
1124294191444048, 2.0195422, 2.8199415, 9.37149, -0.26060796, -0.22556472, 9.986824
1124294201084152, 2.0291135, 2.8498518, 9.342776, -0.27251327, -0.255656, 9.969294
1124294210724360, 2.009971, 2.8199415, 9.37149, -0.24483371, -0.21672225, 9.985489
1124294220364464, 1.9262222, 2.745764, 9.445667, -0.14949214, -0.12292504, 10.021614
1124294230004673, 1.847259, 2.6548367, 9.491131, -0.06528735, -0.02320981, 10.026827
1124294239644777, 1.82692, 2.6368906, 9.489935, -0.046067595, -0.0065419674, 10.017361
1124294249284881, 1.774278, 2.6129622, 9.479167, 3.950596E-4, 0.01019001, 9.991505
1124294258925089, 1.6833507, 2.5399811, 9.510274, 0.09137821, 0.08645558, 9.985722
1124294268565193, 1.6067804, 2.4502504, 9.543773, 0.16901028, 0.18125749, 9.980363
1124294278205298, 1.6031911, 2.4346972, 9.579665, 0.1728462, 0.2000413, 10.009898
1124294287845506, 1.6139588, 2.487339, 9.570094, 0.16271985, 0.14675593, 10.016506
1124294297485610, 1.6654046, 2.53041, 9.52822, 0.103909016, 0.09163022, 9.997216
1124294307125714, 1.719243, 2.5818555, 9.471989, 0.040187716, 0.024930954, 9.966851
1124294316765923, 1.7419748, 2.652444, 9.498309, 0.025089622, -0.035924435, 10.014285
1124294326406027, 1.7694924, 2.6668007, 9.513863, 0.0037528276, -0.043615818, 10.037659
1124294336046235, 1.8376877, 2.6799614, 9.449257, -0.07194424, -0.07113433, 9.991873
1124294345686339, 1.9106688, 2.7625136, 9.397811, -0.14528239, -0.16372132, 9.977631
1124294355326443, 1.9142581, 2.7708886, 9.373882, -0.1509254, -0.17621946, 9.957813
1124294364966652, 1.8532411, 2.7086751, 9.409775, -0.0878222, -0.10535455, 9.964762
1124294374606756, 1.7874385, 2.6428726, 9.47797, -0.016268969, -0.023813963, 10.000542
1124294384246860, 1.7491534, 2.6428726, 9.538987, 0.030000448, -0.008803844, 10.051648
1124294393887068, 1.719243, 2.6225336, 9.531809, 0.057063818, 0.009064913, 10.034219
1124294403527173, 1.6821543, 2.6069803, 9.506684, 0.08634055, 0.015516996, 9.999768
1124294413167277, 1.6414764, 2.544767, 9.505488, 0.1227746, 0.07530165, 9.975161
1124294422807485, 1.6594225, 2.4670002, 9.537791, 0.10627115, 0.15885949, 9.988629
1124294432447589, 1.7443677, 2.4921248, 9.538987, 0.023921847, 0.13364315, 10.011362
1124294442087798, 1.8460627, 2.5818555, 9.480363, -0.081484795, 0.029024124, 9.997186
1124294451727902, 1.8891335, 2.6512475, 9.450453, -0.12504756, -0.047626495, 9.9945545
1124294461368006, 1.8604196, 2.676372, 9.444471, -0.09300172, -0.07342458, 9.990402
1124294471008214, 1.8041883, 2.6536403, 9.488738, -0.031356096, -0.039322853, 10.016512
1124294480648318, 1.7515461, 2.62373, 9.522238, 0.026258707, -6.892681E-4, 10.03116
1124294490288423, 1.713261, 2.62373, 9.521041, 0.063734174, -8.2945824E-4, 10.023241
1124294499928631, 1.6677973, 2.6428726, 9.497113, 0.10532606, -0.025892973, 9.997486
1124294509568735, 1.6546369, 2.6189444, 9.474381, 0.11035848, -0.009263754, 9.967365
1124294519208839, 1.6570296, 2.652444, 9.460024, 0.10407591, -0.045881987, 9.962947
1124294528849048, 1.6510476, 2.6416762, 9.482756, 0.11037946, -0.029374838, 9.980684
1124294538489152, 1.666601, 2.6751757, 9.491131, 0.09801507, -0.059347153, 10.00013
1124294548129256, 1.6905292, 2.6572297, 9.522238, 0.075969696, -0.034239292, 10.029199
1124294557769464, 1.6594225, 2.6105695, 9.549755, 0.10795128, 0.019215584, 10.037658
1124294567409568, 1.6677973, 2.528017, 9.549755, 0.09767854, 0.10010171, 10.017517
1124294577049777, 1.7647067, 2.5232315, 9.54138, 0.0015543699, 0.10298109, 10.025377
1124294586689881, 1.948954, 2.6153553, 9.493524, -0.17801607, 0.007270336, 10.036621
1124294596329985, 2.0063818, 2.6656044, 9.382257, -0.25273693, -0.068706036, 9.954355
1124294605970193, 2.0147567, 2.6656044, 9.292527, -0.27198613, -0.09038806, 9.870847
1124294615610298, 2.0338993, 2.6620152, 9.367901, -0.2722454, -0.06421447, 9.944969
1124294625250402, 1.9477576, 2.6321049, 9.491131, -0.16627383, -0.0051903725, 10.038708
1124294634890610, 1.8125632, 2.5746772, 9.54497, -0.023825407, 0.059257507, 10.050707
1124294644530714, 1.6630118, 2.5088747, 9.542577, 0.121058226, 0.11635518, 10.004631
1124294654170818, 1.6199409, 2.4933212, 9.546165, 0.1607989, 0.12603521, 9.996419
1124294663811027, 1.599602, 2.5543382, 9.554541, 0.18296063, 0.0705111, 10.016694
1124294673451131, 1.6043876, 2.5842485, 9.536594, 0.17378819, 0.03664565, 10.008371
1124294683091235, 1.591227, 2.597409, 9.493524, 0.17772448, 0.011731863, 9.96864
1124294692731443, 1.6079768, 2.589034, 9.523434, 0.16379201, 0.029101372, 9.997839
1124294702371548, 1.7036897, 2.6428726, 9.538987, 0.07438171, -0.017244577, 10.043592
1124294712011652, 1.8364913, 2.757728, 9.457631, -0.06538308, -0.1475215, 10.019907
1124294721651860, 1.9166509, 2.7912276, 9.349955, -0.16032207, -0.20541167, 9.940738
1124294731291964, 1.942972, 2.757728, 9.334401, -0.18378687, -0.17138839, 9.922101
1124294740932068, 1.9573289, 2.7493532, 9.400204, -0.18415475, -0.14472628, 9.9849415
1124294750572277, 1.9453648, 2.7038896, 9.487542, -0.15847063, -0.07576537, 10.053759
1124294760212381, 1.8448663, 2.5962126, 9.49472, -0.064141035, 0.030566216, 10.014415
1124294769852485, 1.7395821, 2.5878377, 9.482756, 0.038259983, 0.036073446, 9.982132
1124294779492693, 1.6689938, 2.5399811, 9.4839525, 0.10431814, 0.07931304, 9.958173
1124294789132798, 1.6402799, 2.5531418, 9.527023, 0.13798738, 0.077038765, 9.997413
1124294798772902, 1.6462619, 2.548356, 9.540184, 0.13208556, 0.083306074, 10.0097475
1124294808413110, 1.666601, 2.5914268, 9.533006, 0.11316168, 0.039374113, 10.017831
1124294818053214, 1.7084754, 2.638087, 9.488738, 0.06462085, -0.018332243, 9.995501
1124294827693318, 1.7611175, 2.6321049, 9.452846, 0.0034017563, -0.021086693, 9.969221
1124294837333527, 1.7982062, 2.6548367, 9.428918, -0.037400484, -0.048999548, 9.959036
1124294846973631, 1.8089739, 2.6859434, 9.457631, -0.041941404, -0.07122135, 9.996331
1124294856613735, 1.8233309, 2.6632116, 9.510274, -0.048027277, -0.035687923, 10.042856
1124294866253943, 1.8376877, 2.635694, 9.512667, -0.06167841, -0.007556677, 10.040465
1124294875894048, 1.847259, 2.6368906, 9.47797, -0.07483649, -0.016992807, 10.009576
1124294885534152, 1.8915263, 2.6691937, 9.4432745, -0.120684505, -0.056196213, 9.993007
1124294895174360, 1.9070797, 2.6991038, 9.35833, -0.14831305, -0.10869503, 9.923035
1124294904814464, 1.8640088, 2.6799614, 9.353543, -0.106173754, -0.08980918, 9.905865
1124294914454568, 1.753939, 2.6105695, 9.461221, 0.0152413845, 0.0058021545, 9.970247
1124294924094777, 1.6845472, 2.5627131, 9.565309, 0.09570885, 0.07809496, 10.044155
1124294933734881, 1.6331015, 2.524428, 9.58804, 0.14802969, 0.12152147, 10.046571
1124294943374985, 1.6331015, 2.4933212, 9.534202, 0.13229215, 0.13320923, 9.987463
1124294953015193, 1.6606189, 2.5088747, 9.546165, 0.1076206, 0.12031531, 10.007764
1124294962655298, 1.719243, 2.5471597, 9.512667, 0.04651344, 0.07391548, 9.99635
1124294972295402, 1.7790636, 2.6045876, 9.437292, -0.021600723, -0.0017774105, 9.950425
1124294981935610, 1.8951155, 2.71705, 9.387043, -0.13772547, -0.12507701, 9.952678
1124294991575714, 1.9369899, 2.7888348, 9.360723, -0.17851949, -0.20100379, 9.953913
1124295001215818, 1.9046868, 2.7421749, 9.391829, -0.14190269, -0.14705014, 9.965542
1124295010856027, 1.820938, 2.6536403, 9.431311, -0.058235884, -0.04830575, 9.965015
1124295020496131, 1.7527425, 2.62373, 9.474381, 0.012335062, -0.008038521, 9.985979
1124295030136235, 1.7503498, 2.87378, 9.6071825, 0.052452207, -0.21316457, 10.177039
1124295039776339, 1.4715859, 1.989632, 9.38465, 0.23290265, 0.58119345, 9.685238
1124295049416548, 1.8652053, 3.1357942, 9.724431, -0.027982235, -0.43494296, 10.377226
1124295059056652, 1.5577276, 1.9286151, 9.373882, 0.14377391, 0.6368294, 9.674168
1124295068696756, 2.056631, 3.1429725, 9.529416, -0.25306165, -0.49577904, 10.227803
1124295078336964, 1.719243, 2.4227328, 9.401401, 0.015452623, 0.15717816, 9.858338
1124295087977068, 1.8364913, 2.6344976, 9.300901, -0.09933138, -0.06699157, 9.838988
1124295097617173, 1.6953149, 2.7505496, 9.71845, 0.1169976, -0.07052302, 10.240567
1124295107257381, 1.570888, 2.0925233, 9.326026, 0.13356161, 0.46155334, 9.674205
1124295116897485, 1.8915263, 3.1657043, 9.817751, -0.03677106, -0.44464803, 10.478012
1124295126537589, 1.6199409, 1.9286151, 9.170493, 0.042004466, 0.5791755, 9.492341
1124295136177693, 2.0482562, 3.3990045, 9.609575, -0.20353913, -0.73900485, 10.368461
1124295145817902, 1.5661024, 2.0003998, 9.282955, 0.11881006, 0.53158474, 9.608894
1124295155458006, 1.9573289, 3.121437, 9.61795, -0.13853681, -0.4533255, 10.288573
1124295165098110, 1.5457634, 2.2875385, 9.57488, 0.21527815, 0.33907557, 9.956868
1124295174738318, 1.7934206, 2.7086751, 9.412168, -0.031567454, -0.11302972, 9.956326
1124295184378423, 1.727618, 2.8019953, 9.6071825, 0.068965435, -0.15526462, 10.154059
1124295194018527, 1.6737795, 2.2337, 9.158528, 0.01917231, 0.27649522, 9.570412
1124295203658631, 1.922633, 3.1836505, 9.667004, -0.09221399, -0.50811577, 10.344874
1124295213298839, 1.5696917, 1.9202402, 9.203992, 0.11441541, 0.5878712, 9.513465
1124295222938943, 1.9932213, 3.3044882, 9.803394, -0.13623512, -0.5819447, 10.518644
1124295232579048, 1.5278172, 1.8843478, 9.377472, 0.17353523, 0.6725532, 9.66124
1124295242219256, 1.9561325, 3.1166515, 9.5760765, -0.14646184, -0.4657669, 10.247089
1124295251859360, 1.5888343, 2.2289143, 9.466006, 0.1450032, 0.35202312, 9.84646
1124295261499464, 1.855634, 2.7194428, 9.409775, -0.098386645, -0.1301415, 9.967748
1124295271139568, 1.719243, 2.7469604, 9.573684, 0.06196344, -0.118541, 10.10639
1124295280779777, 1.7180467, 2.2827528, 9.236296, -0.01735735, 0.23998475, 9.665088
1124295290419881, 1.9669002, 3.1537402, 9.755538, -0.13492262, -0.46125674, 10.4285345
1124295300059985, 1.6295122, 1.9812572, 9.232706, 0.053921223, 0.5344087, 9.567395
1124295309700089, 2.0398812, 3.3607194, 9.71127, -0.19848287, -0.67035794, 10.453495
1124295319340298, 1.5493526, 1.942972, 9.26142, 0.13739634, 0.5694947, 9.571118
1124295328980402, 2.0614166, 3.2446675, 9.58804, -0.25441992, -0.5986793, 10.309448
1124295338620506, 1.5146568, 2.1655045, 9.458828, 0.21770918, 0.41618013, 9.809813
1124295348260714, 1.7144574, 2.6632116, 9.492328, 0.046723485, -0.06324339, 10.006504
1124295357900818, 1.5601203, 2.5268207, 9.68495, 0.22575259, 0.11842632, 10.126799
1124295367540923, 1.666601, 2.248057, 9.323633, 0.042696, 0.29406357, 9.730013
1124295377181027, 1.9501505, 3.2063823, 9.672985, -0.13064003, -0.5383117, 10.360683
1124295386821235, 1.7060826, 2.1332014, 9.077172, -0.044369698, 0.33563828, 9.473209
1124295396461339, 2.0733807, 3.4827533, 9.620343, -0.23901296, -0.81495094, 10.404722
1124295406101443, 1.5206388, 1.9597218, 9.226724, 0.15268683, 0.54615915, 9.537488
1124295415741548, 1.8867407, 3.2063823, 9.663414, -0.06975508, -0.5455129, 10.340202
1124295425381756, 1.3890336, 2.0470598, 9.571291, 0.33977032, 0.5591595, 9.864146
1124295435021860, 1.6833507, 2.676372, 9.597611, 0.088317394, -0.042791605, 10.104512
1124295444661964, 1.5326029, 2.4311078, 9.678967, 0.23037338, 0.21409559, 10.091713
1124295454302068, 1.7324036, 2.2073789, 9.262616, -0.047156334, 0.31324863, 9.673131
1124295463942277, 2.056631, 3.0149565, 9.671789, -0.24686086, -0.3619101, 10.328177
1124295473582381, 1.8927227, 1.9944177, 9.145369, -0.22477114, 0.49172473, 9.534441
1124295483222485, 2.2217357, 3.2793634, 9.6682, -0.3839414, -0.6202383, 10.422682
1124295492862589, 1.6701902, 1.8089739, 9.206385, -0.0039736032, 0.6812961, 9.505539
1124295502502798, 2.0518453, 3.2602208, 9.661021, -0.21984148, -0.60467553, 10.3807745
1124295512142902, 1.524228, 2.1308086, 9.466006, 0.20569837, 0.43707275, 9.809973
1124295521783006, 1.7958134, 2.9515467, 9.482756, -0.012672067, -0.3434291, 10.08668
1124295531423110, 1.5098711, 2.658426, 9.5760765, 0.26571834, -0.039879084, 10.048681
1124295541063214, 1.5637096, 2.516053, 9.269794, 0.14982617, 0.020680666, 9.730465
1124295550703423, 1.6354942, 3.0963125, 9.689735, 0.18468738, -0.42654824, 10.292566
1124295560343527, 1.4943178, 2.053042, 9.288938, 0.19699419, 0.47858632, 9.615846
1124295569983631, 1.9812572, 3.3547373, 9.817751, -0.12459481, -0.63831663, 10.54253
1124295579623735, 1.666601, 1.9465612, 9.164511, -0.0015858412, 0.5418668, 9.500595
1124295589263943, 2.1918256, 3.3320055, 9.517452, -0.39197278, -0.69025636, 10.28874
1124295598904048, 1.7455641, 2.105684, 9.26142, -0.060893893, 0.41426635, 9.64777
1124295608544152, 2.032703, 2.9479575, 9.4432745, -0.26628888, -0.34286737, 10.090059
1124295618184256, 1.6701902, 2.4071796, 9.601201, 0.08260596, 0.21054626, 10.035735
1124295627824360, 1.6713866, 2.2995026, 9.430114, 0.047288537, 0.2691815, 9.845488
1124295637464568, 1.7024933, 2.7385855, 9.8428755, 0.09952879, -0.057584286, 10.356994
1124295647104673, 1.5900307, 1.8951155, 9.266206, 0.07313204, 0.60519576, 9.571344
1124295656744777, 1.9250258, 3.2087753, 9.722038, -0.117866635, -0.5432799, 10.402449
1124295666384881, 1.4691931, 1.7359928, 9.192028, 0.1756872, 0.735824, 9.438923
1124295676024985, 1.8987048, 3.109473, 9.706485, -0.10503912, -0.45303583, 10.357291
1124295685665193, 1.4608182, 1.8735801, 9.512667, 0.2436148, 0.6787654, 9.7782955
1124295695305298, 1.9250258, 2.900101, 9.671789, -0.14662814, -0.26779914, 10.274562
1124295704945402, 1.6977077, 2.3641088, 9.564112, 0.035811424, 0.21009612, 9.994901
1124295714585506, 1.9070797, 2.4945176, 9.265009, -0.2112993, 0.015689373, 9.78034
1124295724225714, 1.9824536, 2.9072795, 9.567701, -0.21669352, -0.30684447, 10.187355
1124295733865818, 1.8281165, 2.1260228, 9.08794, -0.18182266, 0.32348013, 9.503417
1124295743505923, 2.0207388, 3.3116665, 9.696914, -0.2117033, -0.66181135, 10.421028
1124295753146027, 1.4045869, 1.8197416, 9.333204, 0.25762975, 0.676051, 9.584863
1124295762786131, 1.678565, 3.1573296, 9.911072, 0.15261233, -0.4575081, 10.525353
1124295772426235, 1.0695918, 1.7575282, 9.578469, 0.62691057, 0.80856, 9.743368
1124295782066443, 1.5421742, 2.8319056, 9.712467, 0.23829234, -0.19484448, 10.229137
1124295791706548, 1.2837493, 2.225325, 9.625129, 0.4513589, 0.35556126, 9.945503
1124295801346652, 1.6307086, 2.4430718, 9.373882, 0.08643043, 0.09699535, 9.822454
1124295810986756, 1.7850457, 2.7768707, 9.68495, -3.5488605E-4, -0.1427691, 10.231093
1124295820626860, 1.8867407, 2.1296122, 9.186047, -0.19551682, 0.36641288, 9.607601
1124295830267068, 2.271985, 3.35713, 9.674182, -0.4315133, -0.6887903, 10.457601
1124295839907173, 1.8628124, 2.0721843, 9.055637, -0.19131422, 0.38566613, 9.464843
1124295849547277, 2.2624137, 3.5736806, 9.543773, -0.41209054, -0.92208123, 10.390056
1124295859187381, 1.6797615, 2.2205393, 9.253045, 0.04983306, 0.32063007, 9.657429
1124295868827485, 2.0027926, 3.2805598, 9.54138, -0.14186096, -0.6336944, 10.265937
1124295878467693, 1.5373886, 2.4729822, 9.515059, 0.25806463, 0.16264486, 9.945982
1124295888107798, 1.6941184, 2.737389, 9.349955, 0.09712458, -0.13978219, 9.887164
1124295897747902, 1.5720844, 2.7637103, 9.659825, 0.27079606, -0.07639027, 10.165756
1124295907388006, 1.6498512, 2.1068804, 9.260223, 0.07671809, 0.4555812, 9.628045
1124295917028110, 2.1619153, 3.3320055, 9.765109, -0.24480438, -0.5997977, 10.522063
1124295926668214, 1.9034904, 2.1284158, 9.064013, -0.19493103, 0.37089944, 9.493903
1124295936308423, 2.2863421, 3.5114672, 9.474381, -0.39530408, -0.8437674, 10.317629
1124295945948527, 1.666601, 2.0889342, 9.12144, 0.057516932, 0.44937634, 9.494031
1124295955588631, 1.9513469, 3.2063823, 9.595219, -0.070322275, -0.51259613, 10.290246
1124295965228735, 1.375873, 2.2229323, 9.635897, 0.43648994, 0.46127367, 9.964018
1124295974868839, 1.5696917, 2.6309085, 9.553345, 0.25284445, 0.035591602, 10.0293
1124295984509048, 1.6007984, 2.751746, 9.781859, 0.26876116, -0.023013115, 10.28332
1124295994149152, 1.6402799, 2.2995026, 9.182457, 0.10268772, 0.25315762, 9.603182
1124296003789256, 1.8879371, 3.2362926, 9.6071825, -0.012950897, -0.5317297, 10.298201
1124296013429360, 1.6426728, 1.9872392, 9.086744, 0.065802336, 0.53201425, 9.43022
1124296023069464, 2.1619153, 3.5114672, 9.701699, -0.24941838, -0.7620735, 10.511151
1124296032709568, 1.6893328, 2.0949163, 9.2590275, 0.05723393, 0.48894262, 9.629629
1124296042349777, 2.1224337, 3.2949169, 9.567701, -0.24414742, -0.5852697, 10.319883
1124296051989881, 1.666601, 2.3246272, 9.413364, 0.1229372, 0.31105852, 9.83265
1124296061629985, 2.0087745, 2.9120653, 9.329616, -0.19661188, -0.27803326, 9.972015
1124296071270089, 1.9824536, 2.934797, 9.500702, -0.14166677, -0.2618537, 10.134981
1124296080910193, 2.0015962, 2.5782664, 9.05803, -0.2607075, -0.033079624, 9.624588
1124296090550298, 2.1068804, 3.3547373, 9.58804, -0.2360009, -0.63695765, 10.351923
1124296100190506, 1.6127625, 1.9944177, 9.1465645, 0.10810399, 0.5481962, 9.482938
1124296109830610, 1.9202402, 3.2386854, 9.818948, -0.027311444, -0.47745848, 10.50521
1124296119470714, 1.3363914, 1.7300107, 9.430114, 0.40194237, 0.87400925, 9.632262
1124296129110818, 1.707279, 2.973082, 9.784252, 0.15230834, -0.2457869, 10.363495
1124296138750923, 1.3316058, 1.9657038, 9.597611, 0.4226191, 0.6859534, 9.854044
1124296148391027, 1.719243, 2.6919255, 9.51147, 0.067062974, -0.057128906, 10.033073
1124296158031131, 1.5888343, 2.556731, 9.614362, 0.20495176, 0.10185909, 10.071982
1124296167671339, 1.6402799, 2.2468605, 9.273384, 0.07504344, 0.30897713, 9.676437
1124296177311443, 1.9118652, 3.0233314, 9.82493, -0.0539819, -0.2973454, 10.451492
1124296186951548, 1.727618, 1.989632, 9.254242, -0.03683281, 0.5488814, 9.606336
1124296196591652, 2.2002003, 3.418147, 9.717253, -0.3275262, -0.71701455, 10.503723
1124296206231756, 1.7312071, 1.9501505, 9.142975, -0.053336263, 0.5624876, 9.490782
1124296215871860, 2.2337, 3.3044882, 9.513863, -0.40356767, -0.65485024, 10.287417
1124296225512068, 1.7862421, 2.2265215, 9.382257, -0.04250014, 0.35117507, 9.800494
1124296235152173, 2.07697, 2.9671001, 9.430114, -0.27010286, -0.3580606, 10.091748
1124296244792277, 1.7862421, 2.650051, 9.55813, 0.014011741, -0.0059039593, 10.078247
1124296254432381, 1.7264216, 2.3976083, 9.245867, 8.49843E-4, 0.15177631, 9.70526
1124296264072485, 1.7670995, 3.0053852, 9.760324, 0.08565855, -0.30024076, 10.359606
1124296273712589, 1.4811572, 1.869991, 9.304491, 0.21265674, 0.67696404, 9.579183
1124296283352693, 1.8891335, 3.1716864, 9.87159, -0.008556843, -0.4276743, 10.530609
1124296292992902, 1.5302101, 1.8065811, 9.296116, 0.163486, 0.727363, 9.563852
1124296302633006, 2.0542383, 3.249453, 9.594023, -0.20441377, -0.58302903, 10.317093
1124296312273110, 1.5828521, 2.056631, 9.312865, 0.12795103, 0.4902854, 9.654422
1124296321913214, 1.9298115, 2.8965118, 9.457631, -0.12831664, -0.2764449, 10.073125
1124296331553318, 1.6594225, 2.5136602, 9.619147, 0.1381675, 0.13461637, 10.077845
1124296341193423, 1.7587247, 2.4239295, 9.348758, -0.012194514, 0.14731622, 9.815599
1124296350833527, 1.847259, 2.9826534, 9.754341, -0.0011688471, -0.2859962, 10.362142
1124296360473735, 1.692922, 2.0685952, 9.215957, 0.014941812, 0.45044363, 9.585188
1124296370113839, 2.099702, 3.406183, 9.708878, -0.22667217, -0.7114923, 10.474519
1124296379753943, 1.6414764, 2.0279171, 9.139386, 0.054753184, 0.46887994, 9.492756
1124296389394048, 2.0267208, 3.3631122, 9.62154, -0.17726374, -0.67786026, 10.36828
1124296399034152, 1.477568, 2.0542383, 9.416953, 0.27148092, 0.5285245, 9.732885
1124296408674256, 1.8053846, 2.9455647, 9.598808, 0.019865513, -0.28021312, 10.197744
1124296418314464, 1.5266209, 2.3988047, 9.693324, 0.27982855, 0.26363945, 10.094432
1124296427954568, 1.7455641, 2.4418755, 9.353543, 0.009051204, 0.13548136, 9.822429
1124296437594673, 1.8723837, 2.9910283, 9.5964155, -0.041656494, -0.33013463, 10.219225
1124296447234777, 1.6881363, 2.1104696, 9.079565, -0.0014640093, 0.3817029, 9.465552
1124296456874881, 1.9740787, 3.2769706, 9.766306, -0.08607948, -0.556509, 10.473737
1124296466514985, 1.5266209, 1.8604196, 9.337991, 0.18087828, 0.69479895, 9.616359
1124296476155089, 2.0015962, 3.3032916, 9.779466, -0.11074257, -0.58707, 10.497579
1124296485795298, 1.5433706, 2.0135603, 9.377472, 0.1857351, 0.5688213, 9.696151
1124296495435402, 2.0470598, 3.0496526, 9.512667, -0.21692455, -0.40143275, 10.186925
1124296505075506, 1.7682959, 2.4741786, 9.467203, 0.014906287, 0.13782763, 9.942693
1124296514715610, 1.9357935, 2.6081767, 9.21476, -0.18013918, -0.05424905, 9.768639
1124296524355714, 1.8975084, 2.9395826, 9.622736, -0.05292082, -0.26358724, 10.235548
1124296533995818, 1.7012969, 2.1355941, 9.232706, 0.031237364, 0.40737176, 9.619308
1124296543635923, 1.9657038, 3.2602208, 9.847662, -0.06858814, -0.5090003, 10.545411
1124296553276131, 1.5206388, 1.867598, 9.281759, 0.20679772, 0.672938, 9.56325
1124296562916235, 2.0434706, 3.3116665, 9.687343, -0.17508912, -0.5994692, 10.421013
1124296572556339, 1.564906, 1.9728823, 9.253045, 0.15601337, 0.56284463, 9.571776
1124296582196443, 2.0171494, 3.109473, 9.492328, -0.18958652, -0.45923305, 10.178171
1124296591836548, 1.6474584, 2.416751, 9.530613, 0.13797629, 0.2111547, 9.966132
1124296601476652, 1.8113668, 2.650051, 9.38465, -0.03023541, -0.04978037, 9.91827
1124296611116756, 1.7563318, 2.861816, 9.694521, 0.08613181, -0.17308283, 10.257731
1124296620756964, 1.6737795, 2.2002003, 9.202796, 0.041067123, 0.3358934, 9.603091
1124296630397068, 1.9908284, 3.2709885, 9.756734, -0.11294079, -0.556232, 10.465872
1124296640037173, 1.5936198, 1.9190438, 9.174082, 0.09417677, 0.5952034, 9.488044
1124296649677277, 1.9920249, 3.3044882, 9.702896, -0.12134528, -0.5930202, 10.424376
1124296659317381, 1.4799608, 1.9010975, 9.367901, 0.23226714, 0.66670215, 9.646947
1124296668957485, 1.8975084, 3.0795627, 9.633504, -0.05166936, -0.40866446, 10.281972
1124296678597589, 1.5337993, 2.2552354, 9.583255, 0.24302387, 0.37737918, 9.953689
1124296688237798, 1.8448663, 2.664408, 9.439685, -0.06280041, -0.05518484, 9.9801445
1124296697877902, 1.8544376, 2.8977082, 9.62154, -0.026928782, -0.22861385, 10.215513
1124296707518006, 1.7910278, 2.3222344, 9.086744, -0.08389306, 0.18346453, 9.54614
1124296717158110, 1.9884356, 3.2626138, 9.667004, -0.13752985, -0.56199837, 10.378571
1124296726798214, 1.5948163, 1.9704895, 9.227921, 0.122731805, 0.55997825, 9.552599
1124296736438318, 1.9992033, 3.3726835, 9.834501, -0.12029505, -0.629179, 10.5678215
1124296746078527, 1.4907285, 1.9345971, 9.337991, 0.24813747, 0.6292224, 9.628371
1124296755718631, 1.9322042, 3.1082766, 9.594023, -0.10429609, -0.43788004, 10.258532
1124296765358735, 1.5768701, 2.225325, 9.503095, 0.2006669, 0.39525175, 9.876787
1124296774998839, 1.9178474, 2.7194428, 9.424132, -0.12619269, -0.106934786, 9.993017
1124296784638943, 1.8221345, 2.7397819, 9.638289, 0.0099473, -0.06496382, 10.184246
1124296794279048, 1.8017955, 2.2277179, 9.183653, -0.07419765, 0.30684543, 9.61504
1124296803919152, 1.9597218, 3.0999017, 9.741181, -0.08492279, -0.3835957, 10.401259
1124296813559360, 1.6486548, 1.9142581, 9.241081, 0.06980324, 0.6281551, 9.559318
1124296823199464, 2.1212373, 3.347559, 9.785448, -0.2195152, -0.61012745, 10.537567
1124296832839568, 1.6211374, 1.9573289, 9.223135, 0.09648597, 0.5720613, 9.549285
1124296842479673, 2.0614166, 3.2279177, 9.533006, -0.20614243, -0.5629506, 10.256105
1124296852119777, 1.6163517, 2.219343, 9.430114, 0.155599, 0.38362527, 9.812938
1124296861759881, 1.8807586, 2.8019953, 9.460024, -0.06746495, -0.17131662, 10.042241
1124296871400089, 1.7084754, 2.658426, 9.689735, 0.13249385, 0.02568674, 10.191118
1124296881040193, 1.7120646, 2.2875385, 9.282955, 0.037205696, 0.27319407, 9.708822
1124296890680298, 1.9130617, 3.1334012, 9.74836, -0.03094399, -0.41837788, 10.408292
1124296900320402, 1.6630118, 2.003989, 9.209974, 0.055519223, 0.53247535, 9.556076
1124296909960506, 2.1248264, 3.3954153, 9.737592, -0.2181201, -0.68151665, 10.504874
1124296919600610, 1.6151553, 1.9549361, 9.1669035, 0.097210884, 0.5707545, 9.4935465
1124296929240714, 2.0386848, 3.2841492, 9.564112, -0.17663324, -0.6186044, 10.295642
1124296938880923, 1.5361922, 2.143969, 9.466006, 0.23534024, 0.45770478, 9.813098
1124296948521027, 1.8257236, 2.792424, 9.55813, -0.003153801, -0.1444385, 10.122642
1124296958161131, 1.6331015, 2.5663023, 9.71486, 0.20325339, 0.12043381, 10.177211
1124296967801235, 1.7324036, 2.3437698, 9.32483, 0.024000168, 0.22962546, 9.766966
1124296977441339, 1.9130617, 3.0903304, 9.701699, -0.040745735, -0.39232254, 10.352649
1124296987081443, 1.672583, 2.009971, 9.116654, 0.035555005, 0.5010165, 9.470936
1124296996721652, 2.0937197, 3.3870404, 9.726824, -0.19523263, -0.6657553, 10.487396
1124297006361756, 1.6235301, 1.975275, 9.230313, 0.09437144, 0.55789864, 9.561175
1124297016001860, 2.0745773, 3.3403804, 9.649057, -0.19783294, -0.64871454, 10.39742
1124297025641964, 1.585245, 2.210968, 9.415757, 0.17619193, 0.39443707, 9.791385
1124297035282068, 1.8915263, 2.9778678, 9.488738, -0.056025982, -0.33139706, 10.117743
1124297044922173, 1.5948163, 2.5698915, 9.620343, 0.22847545, 0.101668596, 10.081481
1124297054562381, 1.6630118, 2.359323, 9.329616, 0.09762812, 0.22295403, 9.762916
1124297064202485, 1.8017955, 2.9587252, 9.769895, 0.07023919, -0.23707461, 10.3629265
1124297073842589, 1.6354942, 2.0147567, 9.255438, 0.08912611, 0.5382203, 9.596855
1124297083482693, 2.1020947, 3.3870404, 9.768699, -0.19592023, -0.6511104, 10.528819
1124297093122798, 1.7168503, 1.9920249, 9.164511, -0.01040256, 0.5272199, 9.519766
1124297102762902, 2.2217357, 3.434897, 9.570094, -0.33908713, -0.7578559, 10.374586
1124297112403110, 1.7180467, 2.1702902, 9.312865, 0.03475225, 0.40984082, 9.706808
1124297122043214, 2.0171494, 2.9635108, 9.461221, -0.17926967, -0.3203311, 10.110947
1124297131683318, 1.7168503, 2.4837499, 9.60479, 0.1016283, 0.18488002, 10.065987
1124297141323423, 1.8221345, 2.4227328, 9.339187, -0.050669074, 0.16686344, 9.817324
1124297150963527, 1.8436699, 2.865405, 9.77468, 0.035977602, -0.14728189, 10.350413
1124297160603735, 1.605584, 1.9046868, 9.263813, 0.10745537, 0.64820313, 9.570385
1124297170243839, 1.9441684, 3.1310084, 9.816555, -0.031444192, -0.40185905, 10.477847
1124297179883943, 1.5864414, 1.7706888, 9.2793665, 0.11869407, 0.77208924, 9.547175
1124297189524048, 2.1822543, 3.339184, 9.692128, -0.27629638, -0.6325016, 10.458171
1124297199164152, 1.727618, 2.164308, 9.269794, 0.019395709, 0.39258766, 9.666616
1124297208804256, 2.0662024, 3.1345978, 9.401401, -0.22212481, -0.5131757, 10.107845
1124297218444464, 1.672583, 2.548356, 9.537791, 0.14508033, 0.08733964, 10.011614
1124297228084568, 1.774278, 2.5962126, 9.372686, 0.01677084, -4.2510033E-4, 9.886119
1124297237724673, 1.7790636, 2.981457, 9.757931, 0.10071325, -0.26902056, 10.353206
1124297247364777, 1.6115661, 2.1571295, 9.215957, 0.11961901, 0.38572097, 9.592764
1124297257004881, 1.9549361, 3.3403804, 9.751948, -0.05459881, -0.6136415, 10.473816
1124297266645089, 1.5194423, 1.9334008, 9.183653, 0.18313277, 0.5894036, 9.487112
1124297276285193, 1.9202402, 3.3152559, 9.702896, -0.032122135, -0.61070657, 10.413956
1124297285925298, 1.4536397, 1.9788643, 9.395418, 0.2906661, 0.6076702, 9.687576
1124297295565402, 1.9453648, 3.0999017, 9.61795, -0.09634423, -0.4262998, 10.281431
1124297305205506, 1.666601, 2.4598217, 9.59163, 0.14110804, 0.19381881, 10.038436
1124297314845610, 1.8400806, 2.6153553, 9.341579, -0.06482315, -0.025071621, 9.873514
1124297324485818, 1.7946169, 2.8223343, 9.641879, 0.045698047, -0.14219809, 10.204397
1124297334125923, 1.7180467, 2.099702, 9.195618, 0.008901715, 0.43814802, 9.577461
1124297343766027, 2.085345, 3.249453, 9.784252, -0.1945107, -0.5190332, 10.503903
1124297353406131, 1.7563318, 1.969293, 9.186047, -0.03545201, 0.5547863, 9.541344
1124297363046235, 2.2277179, 3.4097722, 9.65145, -0.3403747, -0.70351005, 10.446482
1124297372686443, 1.707279, 2.044667, 9.245867, 0.020083189, 0.49654317, 9.609087
1124297382326548, 2.0697916, 3.1800613, 9.530613, -0.21607327, -0.5144727, 10.24295
1124297391966652, 1.6187445, 2.3712873, 9.5353985, 0.17659998, 0.26008534, 9.953307
1124297401606756, 1.7551354, 2.6309085, 9.436096, 0.042030334, -0.011738539, 9.951895
1124297411246964, 1.6558332, 2.7409782, 9.789038, 0.20243347, -0.027693987, 10.297487
1124297420887068, 1.585245, 2.099702, 9.29492, 0.15265405, 0.45853782, 9.647991
1124297430527173, 1.847259, 3.1728828, 9.781859, 0.03299892, -0.44554615, 10.438616
1124297440167277, 1.4596218, 1.8879371, 9.229117, 0.25111043, 0.64907396, 9.507211
1124297449807381, 1.9669002, 3.2733815, 9.772287, -0.081115246, -0.5427413, 10.477603
1124297459447589, 1.544567, 1.9609182, 9.357133, 0.19436836, 0.61260056, 9.663011
1124297469087693, 2.0817556, 3.2482567, 9.57488, -0.22941089, -0.57137537, 10.304567
1124297478727798, 1.7012969, 2.4107687, 9.408579, 0.070527315, 0.18305898, 9.858452
1124297488367902, 1.9513469, 2.8486555, 9.300901, -0.16782343, -0.2625618, 9.916264
1124297498008006, 1.820938, 2.8929226, 9.631111, 0.022021174, -0.21239877, 10.21751
1124297507648214, 1.7288144, 2.3138595, 9.260223, 0.018090367, 0.24640298, 9.697084
1124297517288318, 1.902294, 3.1884363, 9.802198, -0.019496799, -0.44839, 10.4721775
1124297526928423, 1.538585, 1.9058832, 9.224331, 0.18590534, 0.6259893, 9.521632
1124297536568527, 1.9992033, 3.330809, 9.747163, -0.117403746, -0.6091163, 10.474421
1124297546208735, 1.564906, 1.9345971, 9.305687, 0.16878462, 0.62816846, 9.610636
1124297555848839, 2.0386848, 3.1645079, 9.626326, -0.18080473, -0.48338103, 10.323282
1124297565488943, 1.6031911, 2.1547368, 9.487542, 0.16225612, 0.45751643, 9.848397
1124297575129048, 1.9010975, 2.7242286, 9.467203, -0.09545314, -0.099677086, 10.032174
1124297584769152, 1.820938, 2.7003005, 9.672985, 0.02051425, -0.017440557, 10.206535
1124297594409360, 1.8364913, 2.3258235, 9.208778, -0.09785986, 0.21725655, 9.670935
1124297604049464, 2.0219352, 3.1980073, 9.669396, -0.14253485, -0.5042901, 10.370056
1124297613689568, 1.6618153, 1.969293, 9.12144, 0.039840102, 0.53734946, 9.463091
1124297623329673, 2.0027926, 3.3200414, 9.784252, -0.101698995, -0.5821037, 10.507915
1124297632969881, 1.4823537, 1.847259, 9.403793, 0.25393236, 0.7372407, 9.666078
1124297642609985, 1.9704895, 3.1202407, 9.736395, -0.0893991, -0.40597725, 10.404004
1124297652250089, 1.6247265, 2.143969, 9.4839525, 0.14683759, 0.4690597, 9.8458185
1124297661890193, 2.0087745, 2.8474588, 9.395418, -0.19863963, -0.23984051, 10.015993
1124297671530298, 1.8735801, 2.6883361, 9.531809, -0.054212093, -0.05161929, 10.079048
1124297681170506, 1.8448663, 2.367698, 9.139386, -0.11126888, 0.1552608, 9.617765
1124297690810610, 1.9860427, 3.1393833, 9.702896, -0.09963369, -0.43731332, 10.380035
1124297700450714, 1.678565, 2.0434706, 9.226724, 0.038184762, 0.49580812, 9.585327
1124297710090818, 2.0111675, 3.3930225, 9.817751, -0.088706255, -0.66223955, 10.559318
1124297719731027, 1.5038891, 1.9190438, 9.2997055, 0.22155285, 0.62664413, 9.590994
1124297729371131, 1.9334008, 3.251846, 9.664611, -0.06374097, -0.5668545, 10.363006
1124297739011235, 1.4847465, 2.0877378, 9.454042, 0.27667403, 0.51132107, 9.777733
1124297748651339, 1.8855443, 2.824727, 9.536594, -0.06109917, -0.18016028, 10.121503
1124297758291548, 1.7156538, 2.5938199, 9.657433, 0.109069705, 0.06810331, 10.144989
1124297767931652, 1.8017955, 2.4598217, 9.230313, -0.054141164, 0.08645105, 9.720364
1124297777571756, 1.9250258, 3.1465619, 9.652647, -0.06880021, -0.46294188, 10.3228445
1124297787211860, 1.6701902, 2.0877378, 9.152547, 0.04381156, 0.42994404, 9.525259
1124297796852068, 2.0015962, 3.4169507, 9.735199, -0.108409286, -0.6971495, 10.4861
1124297806492173, 1.5050855, 1.9525433, 9.272188, 0.20802891, 0.59469676, 9.573622
1124297816132277, 2.015953, 3.3224342, 9.745967, -0.13120854, -0.6037893, 10.474004
1124297825772381, 1.5529419, 2.1272194, 9.467203, 0.20086014, 0.46686602, 9.813579
1124297835412589, 1.9130617, 2.9300113, 9.505488, -0.101854205, -0.29761267, 10.124236
1124297845052693, 1.6271194, 2.4502504, 9.595219, 0.173805, 0.19369459, 10.032535
1124297854692798, 1.7527425, 2.3377876, 9.337991, -0.0018687248, 0.23159814, 9.781709
1124297864333006, 1.8687944, 2.9455647, 9.743574, -0.017281294, -0.25029778, 10.34616
1124297873973110, 1.7001005, 2.0291135, 9.211171, 0.014595151, 0.4916736, 9.571383
1124297883613214, 2.0745773, 3.324827, 9.763913, -0.19974935, -0.6053846, 10.501713
1124297893253318, 1.6295122, 1.9166509, 9.215957, 0.07338202, 0.598089, 9.53413
1124297902893527, 2.1212373, 3.3762727, 9.637094, -0.25088954, -0.7045195, 10.402555
1124297912533631, 1.6606189, 2.1451654, 9.347562, 0.07322681, 0.42205167, 9.723826
1124297922173735, 2.0087745, 3.0400813, 9.475577, -0.19274259, -0.40964222, 10.141937
1124297931813839, 1.707279, 2.507678, 9.570094, 0.08392298, 0.12294316, 10.038317
1124297941454048, 1.7886349, 2.53041, 9.337991, -0.037078023, 0.0377028, 9.838571
1124297951094152, 1.7718852, 2.9383862, 9.720842, 0.06670165, -0.25572538, 10.305271
1124297960734256, 1.5326029, 2.0051854, 9.250652, 0.16908479, 0.52014184, 9.573143
1124297970374464, 1.8783658, 3.205186, 9.881161, -0.003201723, -0.4795034, 10.545561
1124297980014568, 1.5038891, 1.8305093, 9.345169, 0.20050657, 0.70557046, 9.612834
1124297989654673, 2.0027926, 3.269792, 9.720842, -0.15078962, -0.5765128, 10.432756
1124297999294777, 1.5337993, 1.948954, 9.349955, 0.16868258, 0.59211826, 9.65368
1124298008934985, 1.942972, 2.9300113, 9.589237, -0.12885916, -0.28561664, 10.208595
1124298018575089, 1.7790636, 2.4909284, 9.4839525, -0.015365601, 0.10179615, 9.965166
1124298028215193, 1.841277, 2.6691937, 9.500702, -0.060570836, -0.06245041, 10.038459
1124298037855402, 1.8711873, 2.6536403, 9.493524, -0.09330249, -0.05304742, 10.032876
1124298047495506, 1.8831514, 2.7014968, 9.476774, -0.10624313, -0.102419615, 10.031543
1124298057135610, 1.8077775, 2.6488547, 9.439685, -0.040863156, -0.061039925, 9.969291
1124298066775818, 1.7635103, 2.6404798, 9.485149, 0.008871317, -0.04008484, 10.002424
1124298076415923, 1.7024933, 2.605784, 9.505488, 0.06616902, -0.003894806, 10.001925
1124298086056027, 1.6965113, 2.5722845, 9.564112, 0.07760632, 0.041795254, 10.04785
1124298095696131, 1.6977077, 2.565106, 9.580862, 0.077071905, 0.051446438, 10.062123
1124298105336339, 1.698904, 2.5998018, 9.543773, 0.07133126, 0.008625746, 10.036119
1124298114976443, 1.719243, 2.629712, 9.512667, 0.0467031, -0.029098272, 10.017935
1124298124616548, 1.7431713, 2.6141586, 9.455238, 0.012468338, -0.029268503, 9.963583
1124298134256756, 1.7336, 2.617748, 9.470792, 0.023756862, -0.029222965, 9.977597
1124298143896860, 1.7611175, 2.6021945, 9.509077, 0.002174139, -0.00436759, 10.014763
1124298153536964, 1.7946169, 2.5734808, 9.525827, -0.03130889, 0.02608943, 10.029118
1124298163177173, 1.8053846, 2.5986054, 9.525827, -0.042162895, 1.6617775E-4, 10.037518
1124298172817277, 1.8089739, 2.617748, 9.52822, -0.04706657, -0.02180624, 10.0453615
1124298182457381, 1.8197416, 2.609373, 9.473185, -0.06738639, -0.028221846, 9.9928055
1124298192097485, 1.8484555, 2.6249263, 9.467203, -0.0990082, -0.04719615, 9.996147
1124298201737693, 1.855634, 2.6859434, 9.4432745, -0.10684776, -0.11241317, 9.990448
1124298211377798, 1.835295, 2.6739793, 9.454042, -0.08740318, -0.099300146, 9.993993
1124298221017902, 1.774278, 2.6333013, 9.469596, -0.03153181, -0.0597229, 9.987544
1124298230658110, 1.707279, 2.5878377, 9.517452, 0.036374092, -0.0066022873, 10.009606
1124298240298214, 1.6522441, 2.5375884, 9.550952, 0.09411621, 0.05043626, 10.018909
1124298249938318, 1.6043876, 2.5172493, 9.5868435, 0.14236236, 0.07377219, 10.039545
1124298259578527, 1.625923, 2.5184457, 9.598808, 0.11838746, 0.07084274, 10.055063
1124298269218631, 1.6091732, 2.5052853, 9.565309, 0.12425566, 0.06939244, 10.017024
1124298278858735, 1.5936198, 2.498107, 9.513863, 0.125803, 0.059247494, 9.9636545
1124298288498943, 1.6342978, 2.5268207, 9.522238, 0.082870126, 0.030389309, 9.986039
1124298298139048, 1.6857436, 2.5531418, 9.60479, 0.037763596, 0.020497084, 10.080199
1124298307779152, 1.7240287, 2.5639095, 9.524631, -0.01294899, -0.010233879, 10.013203
1124298317419360, 1.6833507, 2.5734808, 9.515059, 0.019854307, -0.02608943, 9.999586
1124298327059464, 1.6953149, 2.5830522, 9.480363, 0.002481699, -0.044143677, 9.971036
1124298336699568, 1.6905292, 2.6392834, 9.498309, 0.004234433, -0.09908557, 10.001587
1124298346339777, 1.678565, 2.6979074, 9.522238, 0.022788644, -0.14960122, 10.037251
1124298355979881, 1.6821543, 2.6608188, 9.562916, 0.020527601, -0.105030775, 10.06715
1124298365619985, 1.6462619, 2.5112674, 9.584451, 0.050416708, 0.044472694, 10.043595
1124298375260193, 1.672583, 2.4837499, 9.573684, 0.019010067, 0.06813979, 10.030801
1124298384900298, 1.7706888, 2.5040889, 9.542577, -0.08917737, 0.03658867, 10.02284
1124298394540506, 1.9166509, 2.585445, 9.434899, -0.2529769, -0.07024169, 9.965263
1124298404180610, 1.9597218, 2.672783, 9.390633, -0.3024944, -0.17037678, 9.9522705
1124298413820714, 1.8520447, 2.638087, 9.455238, -0.19039893, -0.1242311, 9.986962
1124298423460923, 1.68694, 2.5519454, 9.536594, -0.021416306, -0.026763678, 10.015171
1124298433101027, 1.4979069, 2.4526432, 9.658628, 0.18166888, 0.09839153, 10.074999
1124298442741131, 1.3603196, 2.3150558, 9.692128, 0.3135091, 0.23257565, 10.049623
1124298452381339, 1.3411771, 2.2277179, 9.71127, 0.32205546, 0.3102796, 10.043419
1124298462021443, 1.4536397, 2.2947168, 9.696914, 0.21064413, 0.24331117, 10.065057
1124298471661548, 1.6570296, 2.4430718, 9.564112, -0.012222767, 0.062836885, 10.009121
1124298481301756, 1.7575282, 2.5591238, 9.44806, -0.12538588, -0.07792711, 9.943947
1124298490941860, 1.7635103, 2.5710878, 9.393025, -0.13983762, -0.103122234, 9.895414
1124298500581964, 1.7036897, 2.544767, 9.518648, -0.06167555, -0.0478096, 9.998849
1124298510222173, 1.6582261, 2.5579274, 9.633504, 0.0019870996, -0.031468153, 10.104262
1124298519862277, 1.5732809, 2.4861426, 9.649057, 0.08471215, 0.040533066, 10.087201
1124298529502381, 1.5349957, 2.449054, 9.623933, 0.11800492, 0.06935239, 10.047657
1124298539142589, 1.591227, 2.4825535, 9.579665, 0.056861043, 0.025753975, 10.023032
1124298548782693, 1.6701902, 2.5902305, 9.4839525, -0.03269267, -0.10081649, 9.971609
1124298558422902, 1.7144574, 2.6117659, 9.454042, -0.081070304, -0.12682152, 9.95575
1124298568063006, 1.6773686, 2.5339992, 9.49472, -0.040127635, -0.0418725, 9.969007
1124298577703110, 1.6390835, 2.4478576, 9.633504, 0.01830089, 0.07585549, 10.073575
1124298587343318, 1.5816557, 2.3856442, 9.707682, 0.08456898, 0.15428352, 10.119341
1124298596983423, 1.5529419, 2.3712873, 9.677772, 0.11444545, 0.16078043, 10.082407
1124298606623527, 1.5577276, 2.3844478, 9.570094, 0.09787512, 0.12331557, 9.983688
1124298616263735, 1.579263, 2.3928227, 9.540184, 0.077218175, 0.11117387, 9.960747
1124298625903839, 1.6534405, 2.4155545, 9.55813, 0.00787735, 0.09425998, 9.995884
1124298635544048, 1.7252251, 2.516053, 9.542577, -0.057113886, -0.004110813, 10.018205
1124298645184152, 1.7814565, 2.6009982, 9.491131, -0.11346221, -0.09669995, 9.999907
1124298654824256, 1.7994026, 2.650051, 9.471989, -0.12768126, -0.14580679, 9.997081
1124298664464464, 1.7922242, 2.6249263, 9.495916, -0.109108806, -0.1059556, 10.012573
1124298674104568, 1.7718852, 2.62373, 9.521041, -0.08494425, -0.09862232, 10.032788
1124298683744777, 1.7994026, 2.6105695, 9.548559, -0.103869796, -0.07409048, 10.060399
1124298693384881, 1.7826529, 2.5698915, 9.513863, -0.0896548, -0.040121794, 10.0142975
1124298703024985, 1.7347964, 2.5148566, 9.480363, -0.040786266, 0.009540558, 9.960399
1124298712665193, 1.7240287, 2.5052853, 9.52822, -0.02225101, 0.030692816, 10.001713
1124298722305298, 1.6953149, 2.4454648, 9.597611, 0.02005577, 0.10663462, 10.047726
1124298731945402, 1.6737795, 2.3988047, 9.58804, 0.04208815, 0.14987636, 10.023077
1124298741585610, 1.6833507, 2.4227328, 9.550952, 0.02872932, 0.1179626, 9.995462
1124298751225714, 1.7120646, 2.4837499, 9.537791, 0.0053737164, 0.056979418, 10.003317
1124298760865923, 1.7503498, 2.544767, 9.530613, -0.03173995, -0.0035665035, 10.018538
1124298770506027, 1.7455641, 2.5698915, 9.529416, -0.019068599, -0.02287817, 10.022985
1124298780146131, 1.7120646, 2.5507488, 9.493524, 0.0069212914, -0.0136265755, 9.978189
1124298789786339, 1.6917256, 2.603391, 9.506684, 0.033665776, -0.058373213, 10.000605
1124298799426443, 1.678565, 2.6452653, 9.498309, 0.049983025, -0.09820843, 10.001039
1124298809066652, 1.692922, 2.678765, 9.476774, 0.033567548, -0.13179016, 9.991623
1124298818706756, 1.6893328, 2.6632116, 9.516255, 0.04233575, -0.10667586, 10.024593
1124298828346860, 1.7228323, 2.672783, 9.550952, 0.019124866, -0.09968281, 10.065898
1124298837987068, 1.7503498, 2.7026932, 9.507881, -0.012105823, -0.1355977, 10.037407
1124298847627173, 1.7252251, 2.678765, 9.462418, 0.0070399046, -0.12002659, 9.98374
1124298857267381, 1.747957, 2.6428726, 9.456435, -0.018071294, -0.08707237, 9.972782
1124298866907485, 1.7527425, 2.6620152, 9.466006, -0.019647717, -0.0997169, 9.987661
1124298876547589, 1.7252251, 2.6285157, 9.48156, 0.008633614, -0.0600245, 9.989083
1124298886187798, 1.7096717, 2.5998018, 9.531809, 0.031113148, -0.01915288, 10.026763
1124298895827902, 1.6893328, 2.5758736, 9.5665045, 0.05528736, 0.013627768, 10.050062
1124298905468110, 1.7156538, 2.5555346, 9.5557375, 0.027091503, 0.032052994, 10.039152
1124298915108214, 1.7312071, 2.5878377, 9.507881, 0.0063722134, -0.010452747, 10.00468
1124298924748318, 1.6761723, 2.5806592, 9.456435, 0.051680684, -0.016561031, 9.944374
1124298934388527, 1.6965113, 2.5698915, 9.46481, 0.032263517, -0.0035145283, 9.953095
1124298944028631, 1.7455641, 2.609373, 9.519845, -0.009005189, -0.028542519, 10.02409
1124298953668839, 1.7503498, 2.6464617, 9.553345, -0.006536007, -0.055557728, 10.066319
1124298963308943, 1.7204394, 2.6344976, 9.542577, 0.019678116, -0.04682684, 10.04782
1124298972949152, 1.6857436, 2.5722845, 9.521041, 0.047275186, 0.008916855, 10.005314
