timestamp_acc,device_acc_x,device_acc_y,device_acc_z,earth_acc_x,earth_acc_y,earth_acc_z
266506614299978, 4.9603214, -0.17467605, 8.672786, -0.042700887, 0.05272627, 9.9923935
266506623940603, 4.9196434, -0.2213361, 8.694321, -0.005002916, -0.0015602112, 9.992151
266506633581124, 4.9316072, -0.22612174, 8.752945, -0.0061024427, -0.023594856, 10.049146
266506643221749, 4.955536, -0.26919255, 8.730213, 0.039997756, -0.0019054413, 10.042152
266506652862270, 4.941179, -0.3062813, 8.739784, 0.073547184, -0.02602005, 10.044243
266506662502790, 4.92084, -0.29192436, 8.76132, 0.05557835, -0.051549435, 10.052606
266506672143415, 4.918447, -0.2620141, 8.784052, 0.027562559, -0.056129932, 10.070522
266506681783936, 4.9567323, -0.22971097, 8.742178, 0.0087096095, 0.0041036606, 10.052241
266506691424561, 5.0105705, -0.20937198, 8.762517, -0.0030162334, 0.041897774, 10.096019
266506701065082, 4.995017, -0.18783657, 8.785249, -0.02812457, 0.02040863, 10.107662
266506710705707, 4.985446, -0.12323037, 8.831908, -0.09391779, -0.005851269, 10.14217
266506720346228, 5.003392, -0.11485548, 8.8187475, -0.09708601, 0.013498306, 10.13942
266506729986853, 5.046463, -0.1698904, 8.705089, -0.02625221, 0.0959425, 10.063019
266506739627374, 5.032106, -0.15074782, 8.699107, -0.046589315, 0.08589029, 10.050361
266506749267895, 5.003392, -0.11844472, 8.804391, -0.09481341, 0.01085043, 10.127002
266506758908520, 4.9926243, -0.104087785, 8.7984085, -0.11929637, 0.008151531, 10.116069
266506768549040, 4.9782677, -0.16869399, 8.660822, -0.047819853, 0.058730602, 9.990782
266506778189665, 4.9399824, -0.20338993, 8.57468, -0.015162885, 0.06748009, 9.897736
266506787830186, 4.942375, -0.25962126, 8.662018, 0.03308779, 0.019328594, 9.9761505
266506797470811, 4.974678, -0.30508488, 8.784052, 0.06403762, -0.012373924, 10.099298
266506807111332, 4.9603214, -0.34217364, 8.773284, 0.099830806, -0.021889687, 10.083746
266506816751957, 4.962714, -0.30388847, 8.733803, 0.06712109, 0.008389473, 10.049657
266506826392478, 4.930411, -0.317049, 8.729017, 0.07719976, -0.0189538, 10.0299
266506836032999, 4.932804, -0.27876383, 8.787642, 0.03763491, -0.039274693, 10.081169
266506845673624, 4.9256253, -0.23569304, 8.863015, -0.006205797, -0.07047987, 10.142258
266506855314145, 4.8729835, -0.2009971, 8.87139, -0.043569446, -0.10592556, 10.122986
266506864954770, 4.871787, -0.20937198, 8.790034, -0.028527796, -0.068678856, 10.051731
266506874595290, 4.932804, -0.23928227, 8.629715, 0.024411976, 0.07012367, 9.942648
266506884235915, 4.9435716, -0.23330021, 8.700303, 0.015302002, 0.054795742, 10.009265
266506893876436, 4.971089, -0.25722843, 8.751749, 0.035236835, 0.04442501, 10.068158
266506903516957, 4.983053, -0.24765715, 8.796016, 0.023447335, 0.034544945, 10.112385
266506913157582, 4.959125, -0.19860429, 8.842676, -0.0368582, -0.015886307, 10.140201
266506922798103, 4.9698925, -0.21535404, 8.806784, -0.01711911, 0.008172989, 10.114609
266506932438728, 4.9579287, -0.22013968, 8.707481, -0.0062485933, 0.047889233, 10.022346
266506942079249, 4.928018, -0.20458634, 8.671589, -0.022965133, 0.045712948, 9.976024
266506951719874, 4.8825545, -0.18544376, 8.671589, -0.04685986, 0.009149551, 9.953287
266506961360395, 4.914858, -0.21774685, 8.685946, -0.013205409, 0.030806541, 9.982372
266506971001020, 4.9435716, -0.23569304, 8.669196, 0.010558963, 0.06567669, 9.982233
266506980641540, 4.9256253, -0.2632105, 8.707481, 0.031882048, 0.027647018, 10.007473
266506990282165, 4.9459643, -0.2213361, 8.819944, -0.016070545, -0.016449451, 10.114469
266506999922686, 4.9734817, -0.23090738, 8.8905325, -0.009652913, -0.028264523, 10.189677
266507009563207, 4.948357, -0.27517462, 8.835498, 0.040647745, -0.042114258, 10.130378
266507019203832, 4.90409, -0.30388847, 8.769695, 0.069993556, -0.052459717, 10.051983
266507028844353, 4.892126, -0.24047868, 8.790034, 0.0047083497, -0.065169334, 10.062364
266507038484978, 4.8789654, -0.23688944, 8.801998, -0.00325346, -0.0765996, 10.066265
266507048125499, 4.881358, -0.23569304, 8.863015, -0.009871483, -0.09693241, 10.120611
266507057766124, 4.883751, -0.22253251, 8.835498, -0.020320833, -0.071623325, 10.097574
266507067406645, 4.875376, -0.2009971, 8.76132, -0.03618306, -0.040579796, 10.028334
266507077047165, 4.9316072, -0.22731815, 8.659625, 0.00485456, 0.060564518, 9.967842
266507086687790, 4.979464, -0.22013968, 8.71466, -7.8082085E-6, 0.078752995, 10.039055
266507096328311, 4.9878387, -0.23928227, 8.711071, 0.021240413, 0.08199358, 10.040486
266507105968936, 4.9902315, -0.2644069, 8.7015, 0.048179448, 0.0784173, 10.033941
266507115609457, 4.9986067, -0.30029923, 8.681161, 0.08643103, 0.08136511, 10.021214
266507125250082, 4.975875, -0.29910284, 8.715857, 0.07916278, 0.034628868, 10.040294
266507134890603, 4.914858, -0.21296121, 8.739784, -0.017910838, -0.024938583, 10.0291605
266507144531228, 4.9232326, -0.14356937, 8.734999, -0.0890103, -0.0069084167, 10.027515
266507154171749, 4.944768, -0.13998012, 8.736196, -0.09253901, 0.014011383, 10.039058
266507163812270, 4.9698925, -0.12921242, 8.833105, -0.10892016, -0.0082502365, 10.1355
266507173452895, 4.941179, -0.1591227, 8.840283, -0.08092564, -0.037584305, 10.128338
266507183093415, 4.918447, -0.1902294, 8.745767, -0.03983879, -0.012717724, 10.035637
266507192734040, 4.932804, -0.22612174, 8.68475, 0.00762707, 0.02692604, 9.990383
266507202374561, 4.95075, -0.2416751, 8.610572, 0.036251664, 0.072990894, 9.93497
266507212015186, 4.981857, -0.2620141, 8.677571, 0.054117262, 0.064872265, 10.009029
266507221655707, 5.0129633, -0.2536392, 8.801998, 0.038086116, 0.024172306, 10.132486
266507231296228, 4.9567323, -0.22372891, 8.857033, -0.004683852, -0.054540634, 10.152009
266507240936853, 4.9196434, -0.22253251, 8.843872, -0.012081206, -0.08132267, 10.122239
266507250577374, 4.898108, -0.22253251, 8.780462, -0.013310254, -0.054243565, 10.056559
266507260217999, 4.9052863, -0.24646074, 8.715857, 0.016996026, -0.02025652, 10.0044
266507269858520, 4.912465, -0.27876383, 8.702696, 0.04821533, -0.0020303726, 9.9972315
266507279499145, 4.9196434, -0.2644069, 8.72782, 0.0309515, -0.007110119, 10.022307
266507289139665, 4.959125, -0.23569304, 8.781659, 0.0025364757, 0.0027832985, 10.0879135
266507298780186, 4.959125, -0.25603202, 8.734999, 0.0287897, 0.01708746, 10.047763
266507308420811, 4.941179, -0.2620141, 8.687142, 0.037835598, 0.020784855, 9.997423
266507318061332, 4.938786, -0.22851457, 8.690732, 0.0041562915, 0.023052216, 9.998605
266507327701957, 4.9519463, -0.22731815, 8.739784, -7.830858E-4, 0.009786606, 10.047746
266507337342478, 4.930411, -0.1794617, 8.822337, -0.059001744, -0.039857388, 10.107905
266507346983103, 4.948357, -0.14955142, 8.827123, -0.08452517, -0.019173622, 10.120237
266507356623624, 4.975875, -0.13878371, 8.770891, -0.086336136, 0.03336048, 10.084572
266507366264249, 4.9543395, -0.17587246, 8.779266, -0.051071227, 0.006383896, 10.082127
266507375904770, 4.9375896, -0.19740787, 8.773284, -0.028594255, -0.0074105263, 10.069181
266507385545290, 4.9459643, -0.23449662, 8.691928, 0.017053962, 0.03451252, 10.003284
266507395185915, 4.9734817, -0.2727818, 8.678768, 0.058981955, 0.060368538, 10.006189
266507404826436, 4.935197, -0.2644069, 8.76491, 0.03310758, -0.01187849, 10.062231
266507414467061, 4.95075, -0.25124636, 8.809176, 0.0181185, -0.017910957, 10.108117
266507424107582, 4.9495535, -0.2440679, 8.702696, 0.015456259, 0.03876543, 10.014631
266507433748103, 4.892126, -0.26919255, 8.656036, 0.035553157, 0.015601635, 9.946397
266507443388728, 4.8861437, -0.23808585, 8.734999, -0.005221367, -0.018981457, 10.0115385
266507453029249, 4.9172506, -0.19142582, 8.785249, -0.05494702, -0.008764267, 10.069433
266507462669874, 4.941179, -0.20937198, 8.784052, -0.035036206, 0.009793758, 10.0805435
266507472310395, 4.9459643, -0.2548356, 8.82832, 0.00880295, -0.015320778, 10.122571
266507481950915, 4.932804, -0.2536392, 8.827123, 0.011645317, -0.027735233, 10.115042
266507491591540, 4.9052863, -0.22372891, 8.723035, -0.01026547, 0.005212307, 10.010149
266507501232061, 4.87418, -0.22731815, 8.678768, -0.006175816, -8.864403E-4, 9.956419
266507510872686, 4.853841, -0.27876383, 8.652447, 0.045595467, -0.009927273, 9.924723
266507520513207, 4.907679, -0.2727818, 8.809176, 0.030418038, -0.036339283, 10.087569
266507530153832, 4.9663033, -0.2105684, 8.873783, -0.037465036, -0.004471302, 10.171091
266507539794353, 4.9603214, -0.23569304, 8.836694, -0.010074556, 0.004992485, 10.136438
266507549434874, 4.9136615, -0.27996024, 8.68475, 0.042135537, 0.03848648, 9.982188
266507559075499, 4.871787, -0.29671, 8.658429, 0.05667001, 0.0127596855, 9.939184
266507568716020, 4.88734, -0.2620141, 8.68475, 0.020855129, 0.017690182, 9.968897
266507578356540, 4.9028935, -0.27517462, 8.7266245, 0.030418217, 0.0069670677, 10.013347
266507587997165, 4.9088755, -0.21894327, 8.817552, -0.033374965, -0.027653694, 10.094175
266507597637686, 4.9028935, -0.21535404, 8.865408, -0.040902972, -0.059600353, 10.132866
266507607278311, 4.918447, -0.21894327, 8.810373, -0.0311023, -0.01992035, 10.092591
266507616918832, 4.8993044, -0.23569304, 8.721839, -0.006187618, 0.0061540604, 10.006454
266507626559353, 4.898108, -0.24885355, 8.690732, 0.012236714, 0.019927979, 9.979062
266507636199978, 4.922036, -0.23928227, 8.806784, -0.0032075644, -0.014922619, 10.091723
266507645840499, 4.9734817, -0.20219351, 8.855837, -0.037935317, 0.008900166, 10.158776
266507655481124, 4.9866424, -0.35174492, 8.790034, 0.11793584, 0.032137394, 10.111383
266507665121645, 4.9531426, -0.03589234, 8.676374, -0.18767983, 0.10789776, 9.98837
266507674762165, 4.9136615, -0.30867413, 8.682357, 0.077892005, 0.028683662, 9.98077
266507684402790, 4.861019, -0.4331009, 8.677571, 0.19468355, -0.03456068, 9.953806
266507694043311, 5.0392847, 0.19381863, 8.774481, -0.41464633, 0.17089128, 10.110506
266507703683832, 4.802395, -0.83988076, 8.629715, 0.58302385, -0.13260698, 9.893579
266507713324457, 5.050052, 0.4941179, 8.957532, -0.7348863, 0.15420723, 10.26746
266507722964978, 4.776074, -1.0277174, 8.719446, 0.75031257, -0.23341799, 9.963854
266507732605603, 4.9722853, 0.46061835, 8.807981, -0.69291055, 0.16517115, 10.099945
266507742246124, 4.7856455, -0.7812566, 8.601001, 0.5250268, -0.11484456, 9.859064
266507751886645, 4.930411, 0.13998012, 8.711071, -0.36871898, 0.11209679, 10.003138
266507761527270, 4.8849473, -0.36011982, 8.71466, 0.117923796, -0.010756969, 9.9961815
266507771167790, 4.820341, -0.3493521, 8.768498, 0.0994454, -0.097601414, 10.011238
266507780808415, 5.0129633, 0.18305093, 8.866604, -0.41517985, 0.097215176, 10.178317
266507790448936, 4.88734, -0.849452, 8.72782, 0.60333246, -0.09917545, 10.020413
266507800089457, 5.0775695, 0.46779683, 8.943174, -0.7005544, 0.16629553, 10.269492
266507809730082, 4.753342, -1.0480564, 8.641679, 0.7952593, -0.20271158, 9.884217
266507819370603, 5.009374, 0.4354937, 8.780462, -0.66787636, 0.18813944, 10.0944805
266507829011124, 4.833502, -0.90089774, 8.662018, 0.6477379, -0.12468243, 9.938301
266507838651749, 4.965107, 0.16630118, 8.849854, -0.40699148, 0.07073355, 10.140476
266507848292270, 4.895715, -0.38404804, 8.805588, 0.12704217, -0.055610657, 10.081403
266507857932790, 4.8454657, -0.2847459, 8.72782, 0.031490862, -0.045821667, 9.98656
266507867573415, 4.959125, 0.1160519, 8.711071, -0.34468567, 0.12659883, 10.017699
266507877213936, 4.7712884, -0.7896315, 8.567501, 0.5371495, -0.120450735, 9.822818
266507886854561, 5.0416775, 0.45583272, 8.9108715, -0.6783808, 0.15678787, 10.224733
266507896495082, 4.79402, -0.9834501, 8.744571, 0.7170276, -0.21777558, 9.992785
266507906135603, 5.0799623, 0.50009996, 8.82473, -0.70202243, 0.23361826, 10.16782
266507915776228, 4.834698, -0.9403793, 8.565108, 0.70277405, -0.081395626, 9.854907
266507925416749, 4.9986067, 0.2440679, 8.842676, -0.47373617, 0.120176315, 10.148877
266507935057270, 4.9028935, -0.44147578, 8.860622, 0.19250065, -0.087492466, 10.134061
266507944697895, 4.851448, -0.20817557, 8.774481, -0.040536404, -0.048328876, 10.028331
266507954338415, 4.9579287, 0.047856454, 8.696713, -0.27350056, 0.1227541, 10.006313
266507963978936, 4.7545385, -0.7465607, 8.550752, 0.498986, -0.110287905, 9.798837
266507973619561, 5.040481, 0.44985065, 8.842676, -0.6731429, 0.17806816, 10.164493
266507983260082, 4.8119664, -1.0073783, 8.723035, 0.7374247, -0.19312143, 9.983991
266507992900603, 5.038088, 0.5192425, 8.912068, -0.74760085, 0.15106153, 10.222286
266508002541228, 4.7892346, -0.9499506, 8.663215, 0.68292594, -0.17557096, 9.919336
266508012181749, 4.965107, 0.23569304, 8.770891, -0.46986696, 0.121748924, 10.069796
266508021822270, 4.88734, -0.5814559, 8.677571, 0.3344494, -0.038577557, 9.970511
266508031462895, 4.895715, -0.1698904, 8.725428, -0.06539452, 0.0144991875, 10.006273
266508041103415, 4.9926243, -0.03708875, 8.801998, -0.19433242, 0.08294296, 10.117222
266508050743936, 4.837091, -0.73818576, 8.678768, 0.48949814, -0.11728716, 9.950377
266508060384561, 5.096712, 0.38404804, 8.868998, -0.6047704, 0.19616842, 10.216597
266508070025082, 4.7880383, -0.9631111, 8.611769, 0.7195685, -0.16951036, 9.872636
266508079665603, 5.0177493, 0.59581286, 8.864211, -0.81311476, 0.16197538, 10.169545
266508089306228, 4.796413, -0.910469, 8.659625, 0.6586288, -0.18088412, 9.917517
266508098946749, 5.0081778, 0.35413775, 8.859426, -0.5987164, 0.10073519, 10.165043
266508108587270, 4.900501, -0.56111693, 8.819944, 0.29617733, -0.11170101, 10.100544
266508118227895, 4.918447, -0.14955142, 8.779266, -0.10045487, -0.0038218498, 10.063743
266508127868415, 4.944768, -0.13160525, 8.717052, -0.10890484, 0.05160141, 10.022003
266508137508936, 4.8502517, -0.66400826, 8.506484, 0.43185985, -0.01271534, 9.805073
266508147149457, 5.0715876, 0.33379877, 8.713464, -0.5436251, 0.24374104, 10.069853
266508156790082, 4.796413, -0.9822537, 8.682357, 0.71309596, -0.2021904, 9.940037
266508166430603, 5.0955157, 0.53599226, 8.986245, -0.7643817, 0.15616035, 10.314819
266508176071124, 4.855037, -0.9212367, 8.739784, 0.6498833, -0.18559813, 10.017341
266508185711749, 4.9878387, 0.41156548, 8.775677, -0.6382861, 0.16517115, 10.080957
266508195352270, 4.8418765, -0.63529444, 8.596215, 0.40221572, -0.05547285, 9.87813
266508204992790, 4.9292145, -0.043070808, 8.734999, -0.1846922, 0.048439503, 10.028098
266508214633415, 4.965107, -0.14596218, 8.843872, -0.094305694, 0.01383543, 10.142909
266508224273936, 4.8287163, -0.5922236, 8.71466, 0.34573257, -0.11496925, 9.973955
266508233914457, 5.0416775, 0.2943172, 8.853444, -0.5135151, 0.13610458, 10.178722
266508243555082, 4.8011985, -0.991825, 8.642876, 0.7433913, -0.16320753, 9.907334
266508253195603, 5.0536413, 0.5395815, 8.842676, -0.76340514, 0.18839598, 10.168829
266508262836124, 4.7712884, -0.95473623, 8.605786, 0.7021127, -0.16593242, 9.859806
266508272476645, 4.9770713, 0.42831525, 8.738588, -0.64043397, 0.15963268, 10.044003
266508282117270, 4.8681974, -0.70947194, 8.678768, 0.4644361, -0.1050148, 9.9647875
266508291757790, 4.9603214, -0.01794617, 8.813962, -0.21689343, 0.032865524, 10.111526
266508301398311, 4.9495535, -0.26679972, 8.873783, 0.014087021, -0.052021027, 10.164172
266508311038936, 4.7988057, -0.5814559, 8.733803, 0.31938028, -0.16801548, 9.975757
266508320679457, 5.0045886, 0.27158538, 8.834301, -0.50179815, 0.1108408, 10.143986
266508330319978, 4.8179483, -0.86979103, 8.618947, 0.6136686, -0.14326, 9.892336
266508339960603, 5.099105, 0.56350976, 8.82114, -0.7777165, 0.25640488, 10.171546
266508349601124, 4.8095737, -0.9822537, 8.595019, 0.7291944, -0.14690971, 9.87005
266508359241645, 5.0548377, 0.44745782, 8.799605, -0.6669398, 0.19047546, 10.134275
266508368882165, 4.8909297, -0.8003992, 8.669196, 0.55770546, -0.083732605, 9.9698925
266508378522790, 4.9316072, 0.031106694, 8.781659, -0.26570588, 0.018605232, 10.068182
266508388163311, 4.9292145, -0.2847459, 8.724232, 0.051520765, -0.00403738, 10.024361
266508397803832, 4.8562336, -0.41994038, 8.681161, 0.18410581, -0.067901134, 9.954065
266508407444353, 5.0644093, 0.2847459, 8.813962, -0.5018812, 0.15080595, 10.155817
266508417084978, 4.871787, -0.84107715, 8.709874, 0.602802, -0.1291976, 9.996179
266508426725499, 5.113462, 0.5240282, 8.919247, -0.7491608, 0.18066359, 10.265534
266508436366020, 4.7688956, -1.0049855, 8.609376, 0.7512233, -0.1924057, 9.862676
266508446006645, 5.020142, 0.41754755, 8.707481, -0.62241423, 0.18677807, 10.038632
266508455647165, 4.8442693, -0.8997013, 8.589037, 0.6563114, -0.10140562, 9.879623
266508465287686, 4.9471607, 0.08733802, 8.849854, -0.33484727, 0.007077217, 10.133595
266508474928207, 4.90409, -0.3074777, 8.886943, 0.045268655, -0.10814905, 10.154243
266508484568832, 4.833502, -0.36011982, 8.762517, 0.110079944, -0.11924696, 10.012383
266508494209353, 5.042874, 0.18305093, 8.834301, -0.40911788, 0.10343361, 10.16518
266508503849874, 4.8586264, -0.8063812, 8.657232, 0.56590044, -0.11704445, 9.943353
266508513490395, 5.048856, 0.5288138, 8.811569, -0.7385665, 0.1743164, 10.14093
266508523131020, 4.7880383, -1.0073783, 8.514859, 0.7771577, -0.1326673, 9.788839
266508532771540, 5.070391, 0.50488555, 8.742178, -0.693571, 0.21079397, 10.092769
266508542412061, 4.8765726, -0.8386843, 8.742178, 0.60890454, -0.15247107, 10.025768
266508552052582, 5.029713, 0.2009971, 8.894122, -0.42734188, 0.06354666, 10.21064
266508561693207, 4.975875, -0.3912265, 8.7673025, 0.16355324, -0.009108543, 10.087178
266508571333728, 4.9268217, -0.30149564, 8.636893, 0.08385259, 0.028410912, 9.947492
266508580974249, 5.0548377, 0.15074782, 8.780462, -0.36104965, 0.1379528, 10.125278
266508590614770, 4.8885365, -0.7405786, 8.676374, 0.50665087, -0.09289312, 9.972984
266508600255395, 5.1026945, 0.49052864, 8.803194, -0.69514626, 0.22230482, 10.160791
266508609895915, 4.814359, -1.0157533, 8.553144, 0.7806292, -0.13944197, 9.835511
266508619536436, 5.0596237, 0.5300102, 8.799605, -0.7425258, 0.18909073, 10.135417
266508629176957, 4.8681974, -0.89730847, 8.676374, 0.6579089, -0.12516356, 9.96672
266508638817582, 4.985446, 0.2117648, 8.786445, -0.42478138, 0.08201599, 10.095244
266508648458103, 4.8885365, -0.46061835, 8.736196, 0.22515327, -0.07673931, 10.018707
266508658098624, 4.8993044, -0.23688944, 8.715857, 0.007924616, -0.022477627, 10.0012455
266508667739145, 5.0165524, 0.04546363, 8.829515, -0.27272642, 0.06485176, 10.151338
266508677379770, 4.7916274, -0.7393822, 8.682357, 0.4987507, -0.17085218, 9.930345
266508687020290, 4.9878387, 0.3912265, 8.846265, -0.62185776, 0.07571697, 10.143744
266508696660811, 4.766503, -1.0025927, 8.7015, 0.7463817, -0.23979807, 9.941139
266508706301332, 5.1003013, 0.526421, 8.919247, -0.7381318, 0.15658998, 10.2603035
266508715941957, 4.8765726, -0.9296116, 8.652447, 0.6988724, -0.122437954, 9.950203
266508725582478, 5.028517, 0.2739782, 8.779266, -0.49808758, 0.12545776, 10.108053
266508735222999, 4.9471607, -0.53240305, 8.711071, 0.2974316, -0.02451849, 10.02754
266508744863520, 4.961518, -0.2440679, 8.737391, 0.018424392, 0.0116939545, 10.050759
266508754504145, 5.0309095, -0.034695927, 8.76491, -0.1876362, 0.08727026, 10.104063
266508764144665, 4.807181, -0.66400826, 8.629715, 0.41978025, -0.13620996, 9.8907585
266508773785186, 5.0213385, 0.45224348, 8.737391, -0.6629685, 0.16617775, 10.064453
266508783425707, 4.8239303, -0.93320084, 8.58784, 0.68809986, -0.1432786, 9.869051
266508793066332, 5.1026945, 0.6221339, 8.851051, -0.82902455, 0.20386648, 10.199844
266508802706853, 4.87418, -0.8997013, 8.660822, 0.66775227, -0.13360119, 9.955561
266508812347374, 5.009374, 0.31585258, 8.867801, -0.5336073, 0.08360529, 10.175448
266508821987895, 4.894519, -0.59700924, 8.779266, 0.35009104, -0.12362862, 10.062326
266508831628415, 4.959125, -0.101694964, 8.774481, -0.11947417, 0.012701035, 10.078708
266508841269040, 5.002196, -0.059820566, 8.752945, -0.15700322, 0.06889248, 10.080189
266508850909561, 4.8251266, -0.6664011, 8.62134, 0.43227, -0.121023655, 9.892014
266508860550082, 5.0177493, 0.37328035, 8.872586, -0.59215, 0.08469772, 10.182442
266508870190603, 4.8239303, -0.93679005, 8.700303, 0.6952777, -0.1971116, 9.965987
266508879831228, 5.1254263, 0.53240305, 8.874979, -0.7462649, 0.20822906, 10.233203
266508889471749, 4.8418765, -0.9906286, 8.609376, 0.7639964, -0.141819, 9.896599
266508899112270, 4.9926243, 0.3397808, 8.756535, -0.5588389, 0.10943985, 10.069476
266508908752790, 4.8323054, -0.66161543, 8.645268, 0.43400007, -0.121772766, 9.915967
266508918393415, 4.9268217, -0.10767702, 8.65125, -0.11081344, 0.033958435, 9.955693
266508928033936, 4.9974103, -0.1794617, 8.733803, -0.038094223, 0.04175186, 10.063917
266508937674457, 4.894519, -0.58624154, 8.806784, 0.3456481, -0.14680958, 10.085556
266508947314978, 5.1146584, 0.357727, 8.987442, -0.5773195, 0.09911299, 10.330475
266508956955499, 4.8598228, -0.91884387, 8.68475, 0.68957096, -0.16405869, 9.969184
266508966596124, 5.0739803, 0.5814559, 8.797213, -0.7779303, 0.19157982, 10.140633
266508976236645, 4.81077, -0.9284152, 8.563912, 0.7078024, -0.14416122, 9.839935
266508985877165, 5.056034, 0.49052864, 8.769695, -0.68124735, 0.19102907, 10.10995
266508995517686, 4.9363933, -0.5886344, 8.738588, 0.36553466, -0.07875919, 10.046771
266509005158311, 5.0309095, 0.09332009, 8.877372, -0.30815256, 0.04840517, 10.1994705
266509014798832, 4.999803, -0.1794617, 8.782856, -0.040744066, 0.022544384, 10.107751
266509024439353, 4.85743, -0.5347959, 8.584251, 0.31562465, -0.06208086, 9.872515
266509034079874, 5.0548377, 0.27517462, 8.689535, -0.47102895, 0.19371557, 10.043692
266509043720499, 4.7916274, -0.91166544, 8.499306, 0.692172, -0.13749933, 9.773996
266509053361020, 5.058427, 0.51206404, 8.845069, -0.7238011, 0.15741634, 10.175286
266509063001540, 4.8442693, -1.0013963, 8.7577305, 0.75252366, -0.2221446, 10.027559
266509072642061, 5.023731, 0.50129634, 8.914461, -0.713435, 0.08383703, 10.219627
266509082282582, 4.883751, -0.6903293, 8.730213, 0.4515099, -0.12942553, 10.016167
266509091923207, 4.9878387, 0.06580263, 8.892925, -0.2912291, -0.004368782, 10.192261
266509101563728, 4.95075, -0.26679972, 8.834301, 0.045913875, -0.051677227, 10.130213
266509111204249, 4.8358946, -0.50488555, 8.688339, 0.2822767, -0.10927153, 9.951703
266509120844770, 4.983053, 0.20697916, 8.739784, -0.41261458, 0.084038734, 10.0538645
266509130485395, 4.7880383, -0.8530413, 8.612965, 0.6235706, -0.15583658, 9.870311
266509140125915, 5.1014977, 0.51206404, 8.932407, -0.7303841, 0.1353035, 10.27247
266509149766436, 4.8263235, -1.0109676, 8.673982, 0.78504944, -0.17425203, 9.9451885
266509159406957, 5.050052, 0.506082, 8.809176, -0.7236891, 0.13913393, 10.139904
266509169047582, 4.90409, -0.7537391, 8.666803, 0.5326985, -0.091887474, 9.971934
266509178688103, 5.0129633, 0.1268196, 8.812766, -0.3455451, 0.06845045, 10.133442
266509188328624, 5.0081778, -0.3469593, 8.71466, 0.13659543, 0.03607416, 10.056221
266509197969145, 4.892126, -0.37567315, 8.590233, 0.16242445, -0.008379936, 9.891395
266509207609665, 5.056034, 0.23808585, 8.683554, -0.43780196, 0.18834734, 10.039777
266509217250290, 4.843073, -0.8554341, 8.627322, 0.6197966, -0.14034176, 9.9102955
266509226890811, 5.1218367, 0.5096712, 8.967103, -0.72085184, 0.14127493, 10.313212
266509236531332, 4.8586264, -0.9906286, 8.766106, 0.7507876, -0.20796108, 10.04118
266509246171853, 5.0955157, 0.5395815, 8.85823, -0.75749946, 0.1702137, 10.203964
266509255812478, 4.8598228, -0.80877405, 8.65125, 0.57119703, -0.11374712, 9.938658
266509265452999, 4.9531426, 0.19740787, 8.750552, -0.41845715, 0.05522871, 10.048214
266509275093520, 4.9160542, -0.37088752, 8.719446, 0.14295214, -0.039039135, 10.015585
266509284734040, 4.8885365, -0.3278167, 8.712267, 0.1022079, -0.05594492, 9.994761
266509294374561, 5.0368915, 0.13280165, 8.822337, -0.34667557, 0.08275223, 10.153546
266509304015186, 4.833502, -0.7932207, 8.660822, 0.55790746, -0.14802885, 9.933207
266509313655707, 5.0596237, 0.42711884, 8.937193, -0.64998764, 0.108169556, 10.2577505
266509323296228, 4.7988057, -1.0707881, 8.707481, 0.8172697, -0.24508905, 9.963301
266509332936749, 5.0679984, 0.45942193, 8.819944, -0.6727978, 0.18414593, 10.158766
266509342577374, 4.84068, -0.93320084, 8.623733, 0.7009319, -0.14764023, 9.907508
266509352217895, 4.996214, 0.22253251, 8.799605, -0.43590927, 0.09067726, 10.111701
266509361858415, 4.92084, -0.47377887, 8.766106, 0.24048889, -0.070029736, 10.060865
266509371498936, 4.8933225, -0.26081768, 8.736196, 0.02893579, -0.04761982, 10.01652
266509381139561, 4.9806604, 0.1052842, 8.784052, -0.32917738, 0.058403015, 10.092863
266509390780082, 4.800002, -0.6963114, 8.609376, 0.45713633, -0.13856316, 9.870058
266509400420603, 5.1062837, 0.47976094, 8.852247, -0.68225193, 0.18471289, 10.206224
266509410061124, 4.8382874, -0.97507524, 8.688339, 0.73347694, -0.18427467, 9.96369
266509419701645, 5.09073, 0.5814559, 8.900104, -0.77796006, 0.16733122, 10.238762
266509429342270, 4.9088755, -0.8865408, 8.599805, 0.6841007, -0.065383434, 9.918034
266509438982790, 5.0416775, 0.3062813, 8.720642, -0.500019, 0.1712799, 10.063924
266509448623311, 4.942375, -0.45942193, 8.720642, 0.24406183, -0.032343388, 10.031307
266509458263832, 4.975875, -0.11485548, 8.7577305, -0.096386254, 0.021980286, 10.072765
266509467904457, 5.0620165, 0.08853444, 8.804391, -0.2918386, 0.10688019, 10.15148
266509477544978, 4.8442693, -0.6652047, 8.628518, 0.43811548, -0.12579584, 9.907221
266509487185499, 5.0512486, 0.41994038, 8.872586, -0.63361275, 0.116000175, 10.198006
266509496826020, 4.7688956, -0.97866446, 8.657232, 0.73005205, -0.2514968, 9.9021
266509506466645, 5.029713, 0.51565325, 8.800801, -0.7105096, 0.15593767, 10.123678
266509516107165, 4.79402, -0.96550393, 8.559127, 0.7295552, -0.1798644, 9.828981
266509525747686, 5.022535, 0.30508488, 8.76491, -0.49743786, 0.12893963, 10.093488
266509535388207, 4.961518, -0.6221339, 8.803194, 0.39116514, -0.11314869, 10.116033
266509545028832, 4.942375, -0.18903299, 8.810373, -0.027949393, -0.06607914, 10.103481
266509554669353, 5.026124, -0.0634098, 8.823533, -0.13608295, 0.017145157, 10.15391
266509564309874, 4.9399824, -0.60658056, 8.585447, 0.41062313, -0.039834023, 9.9151945
266509573950395, 5.168497, 0.42592242, 8.787642, -0.5842757, 0.24390984, 10.184133
266509583591020, 4.833502, -0.8985049, 8.682357, 0.66764295, -0.24959087, 9.952152
266509593231540, 5.174479, 0.68075806, 8.845069, -0.85201055, 0.25596523, 10.231444
266509602872061, 4.944768, -0.9020941, 8.785249, 0.68494725, -0.21744871, 10.095972
266509612512582, 5.076373, 0.4426722, 8.967103, -0.63801193, 0.041044712, 10.293966
266509622153207, 4.928018, -0.5838487, 8.71466, 0.37193525, -0.13459015, 10.020733
266509631793728, 4.995017, -0.058624156, 8.5938225, -0.12497723, 0.069966316, 9.93916
266509641434249, 5.0189457, -0.08853444, 8.580662, -0.098217726, 0.10036039, 9.940106
266509651074770, 4.918447, -0.5479564, 8.627322, 0.33505684, -0.07578802, 9.940023
266509660715395, 5.1696935, 0.36729828, 8.878569, -0.564397, 0.1481595, 10.263973
266509670355915, 4.8825545, -0.9272188, 8.675179, 0.70774657, -0.17643356, 9.971247
266509679996436, 5.0847483, 0.58504516, 8.803194, -0.77618456, 0.1549902, 10.152177
266509689636957, 4.855037, -0.9798609, 8.526823, 0.7600477, -0.136127, 9.830667
266509699277582, 5.0979085, 0.4235296, 8.711071, -0.6091834, 0.1899643, 10.081846
266509708918103, 4.92084, -0.66041905, 8.762517, 0.445507, -0.16045046, 10.060235
266509718558624, 4.9986067, 0.034695927, 8.8905325, -0.24905157, -0.043186188, 10.19632
266509728199145, 5.0249276, -0.14237295, 8.7984085, -0.06246376, -0.0010170937, 10.133028
266509737839770, 4.90409, -0.48933223, 8.63809, 0.28386432, -0.07744932, 9.940803
266509747480290, 5.089534, 0.2943172, 8.82473, -0.48466083, 0.11144066, 10.179317
266509757120811, 4.8502517, -0.92602235, 8.740981, 0.6961616, -0.2306261, 10.012463
266509766761436, 5.109873, 0.567099, 8.955139, -0.77552366, 0.1021862, 10.296361
266509776401957, 4.8442693, -0.96430755, 8.60459, 0.7386257, -0.18530846, 9.892215
266509786042478, 5.0799623, 0.4331009, 8.662018, -0.60669595, 0.1964531, 10.030827
266509795682999, 4.9136615, -0.7429714, 8.500503, 0.5381285, -0.03652191, 9.83177
266509805323624, 5.0105705, 0.08135597, 8.712267, -0.2759002, 0.06521654, 10.046674
266509814964145, 5.052445, -0.25244278, 8.781659, 0.041492224, 0.015478134, 10.134421
266509824604665, 4.981857, -0.45942193, 8.713464, 0.24603873, -0.04780197, 10.044481
266509834245186, 5.131408, 0.29910284, 8.842676, -0.49491084, 0.14377022, 10.215094
266509843885811, 4.88734, -0.8279166, 8.598608, 0.6143592, -0.14475012, 9.90501
266509853526332, 5.1062837, 0.55034924, 8.823533, -0.7370221, 0.1642313, 10.181435
266509863166853, 4.8622155, -0.94396853, 8.712267, 0.7269935, -0.22413683, 9.992849
266509872807478, 5.1062837, 0.56470615, 8.847462, -0.75890845, 0.14680433, 10.201623
266509882447999, 4.892126, -0.69152576, 8.610572, 0.47926474, -0.10867882, 9.915218
266509892088520, 4.965107, 0.18544376, 8.712267, -0.37578654, 0.030031681, 10.022383
266509901729040, 4.991428, -0.2620141, 8.730213, 0.06582302, -0.0086426735, 10.059584
266509911369665, 4.95075, -0.4223332, 8.679964, 0.22413546, -0.042490005, 9.998901
266509921010186, 5.093123, 0.12562318, 8.760123, -0.31335407, 0.12477684, 10.128262
266509930650707, 4.8442693, -0.9068798, 8.60459, 0.69582045, -0.15304947, 9.890438
266509940291332, 5.1050873, 0.47856453, 8.9312105, -0.67216027, 0.12317896, 10.2757225
266509949931853, 4.8861437, -1.0085747, 8.809176, 0.77649546, -0.25442362, 10.090864
266509959572374, 5.099105, 0.5371887, 8.868998, -0.7152628, 0.1615758, 10.2181635
266509969212895, 4.8622155, -0.8039884, 8.534002, 0.62312996, -0.10817623, 9.834467
266509978853520, 5.0105705, 0.2620141, 8.615358, -0.42156076, 0.16836882, 9.9595585
266509988494040, 4.999803, -0.2536392, 8.696713, 0.08187616, 0.027370453, 10.034327
266509998134561, 4.975875, -0.2117648, 8.807981, 0.026112497, -0.03989935, 10.11842
266510007775186, 5.1122656, 0.24765715, 8.860622, -0.41600537, 0.13669205, 10.223282
266510017415707, 4.8646083, -0.7262217, 8.597412, 0.53993636, -0.12242746, 9.889429
266510027056228, 5.103891, 0.57906306, 8.849854, -0.74487966, 0.19864225, 10.203463
266510036696853, 4.863412, -0.8757731, 8.693125, 0.6653871, -0.19892597, 9.975363
266510046337374, 5.1218367, 0.5599205, 8.843872, -0.71266836, 0.20448208, 10.208383
266510055977895, 4.8933225, -0.8853444, 8.653643, 0.6817606, -0.15817833, 9.956112
266510065618415, 5.0440702, 0.2620141, 8.806784, -0.44531536, 0.09294176, 10.142179
266510075259040, 5.011767, -0.40438703, 8.745767, 0.21740198, -0.02528572, 10.085726
266510084899561, 4.9579287, -0.25722843, 8.662018, 0.07365972, -0.002579689, 9.983604
266510094540082, 5.058427, 0.07058827, 8.749356, -0.24950445, 0.09613705, 10.10309
266510104180707, 4.901697, -0.75254273, 8.6548395, 0.5482129, -0.12438822, 9.959077
266510113821228, 5.1589255, 0.45583272, 8.944371, -0.6334842, 0.15084457, 10.315039
266510123461749, 4.82752, -0.9906286, 8.723035, 0.7643251, -0.25408006, 9.986436
266510133102374, 4.9986067, 0.5491528, 8.785249, -0.72547555, 0.10730696, 10.09606
266510142742895, 4.816752, -0.8853444, 8.463413, 0.6842942, -0.13628674, 9.75333
266510152383415, 4.9974103, 0.32303107, 8.750552, -0.49385002, 0.092022896, 10.069671
266510162024040, 4.918447, -0.41635114, 8.833105, 0.20101506, -0.14988661, 10.115599
266510171664561, 4.9603214, -0.1160519, 8.900104, -0.08751106, -0.09812164, 10.188858
266510181305082, 5.078766, 0.046660043, 8.878569, -0.22787964, 0.039099216, 10.226023
266510190945707, 4.880162, -0.6963114, 8.662018, 0.49877882, -0.15073776, 9.952884
266510200586228, 5.143372, 0.45224348, 8.9108715, -0.6159423, 0.14016533, 10.279271
266510210226749, 4.8993044, -0.93559366, 8.616554, 0.7532038, -0.1603241, 9.926254
266510219867270, 5.133801, 0.6053841, 8.750552, -0.7496891, 0.22476244, 10.133214
266510229507895, 4.9172506, -0.8422736, 8.565108, 0.6579399, -0.087472916, 9.889859
266510239148415, 5.1589255, 0.44745782, 8.786445, -0.59799457, 0.20230913, 10.179285
266510248789040, 5.0309095, -0.46779683, 8.7577305, 0.28705913, -0.02371645, 10.106621
266510258429561, 5.0069814, -0.049052864, 8.755338, -0.12963057, 0.018813133, 10.085189
266510268070082, 5.0620165, 0.021535404, 8.685946, -0.19253075, 0.121638775, 10.050785
266510277710603, 4.9052863, -0.66161543, 8.535198, 0.47657526, -0.04548168, 9.854948
266510287351228, 5.0979085, 0.35533416, 8.7984085, -0.523098, 0.15633583, 10.16016
266510296991749, 4.7892346, -0.9128618, 8.640483, 0.7062152, -0.23109126, 9.893223
266510306632270, 5.048856, 0.6257231, 8.857033, -0.802366, 0.11872959, 10.181925
266510316272895, 4.82752, -0.9499506, 8.63809, 0.7541499, -0.19425774, 9.910474
266510325913415, 5.0009995, 0.38165522, 8.855837, -0.560231, 0.053358555, 10.161929
266510335554040, 4.8969116, -0.56829536, 8.82473, 0.35770768, -0.16747618, 10.100622
266510345194561, 4.9435716, -0.051445685, 8.889337, -0.14341289, -0.07855749, 10.170306
266510354835082, 5.003392, -0.10767702, 8.846265, -0.07610309, -0.014956474, 10.16346
266510364475707, 4.8861437, -0.5407779, 8.685946, 0.3575142, -0.10703659, 9.973626
266510374116228, 5.1182475, 0.38285163, 8.833105, -0.5437796, 0.17418194, 10.200035
266510383756749, 4.8502517, -0.91884387, 8.640483, 0.72662264, -0.19058895, 9.922845
266510393397374, 5.1158547, 0.58504516, 8.861818, -0.75360084, 0.19615889, 10.219574
266510403037895, 4.8693943, -0.9667004, 8.556734, 0.7694332, -0.14032555, 9.861617
266510412678415, 5.083552, 0.41874397, 8.687142, -0.5825752, 0.22045422, 10.054666
266510422319040, 4.941179, -0.6412765, 8.650054, 0.44241112, -0.07442713, 9.972395
266510431959561, 5.035695, 0.09332009, 8.805588, -0.27683586, 0.054907322, 10.140299
266510441600082, 5.0847483, -0.0526421, 8.801998, -0.1350959, 0.07377195, 10.164101
266510451240707, 4.959125, -0.41156548, 8.590233, 0.22451168, 0.0046138763, 9.924919
266510460881228, 5.109873, 0.3924229, 8.719446, -0.5597514, 0.21541977, 10.096227
266510470521853, 4.877769, -0.85184485, 8.665607, 0.64548135, -0.18586397, 9.957902
266510480162374, 5.1409793, 0.55752766, 9.019745, -0.74741536, 0.13193989, 10.369198
266510489802895, 4.880162, -0.9631111, 8.819944, 0.744796, -0.27474737, 10.0947895
266510499443520, 5.0847483, 0.465404, 8.810373, -0.6284938, 0.16278028, 10.162304
266510509084040, 4.910072, -0.73818576, 8.518449, 0.5526225, -0.04603672, 9.844298
266510518724561, 4.9363933, -0.0035892338, 8.633304, -0.17569298, 0.046615124, 9.943283
266510528365186, 4.944768, -0.23330021, 8.68475, 0.04533553, -0.01259613, 9.99639
266510538005707, 4.924429, -0.41156548, 8.694321, 0.21888155, -0.059111595, 9.997959
266510547646228, 5.078766, 0.27158538, 8.873783, -0.46124607, 0.07912588, 10.217273
266510557286853, 4.816752, -0.86979103, 8.82832, 0.63433117, -0.28315067, 10.070467
266510566927374, 5.1457653, 0.567099, 9.0951185, -0.7700437, 0.061306953, 10.436712
266510576567999, 4.875376, -0.9702896, 8.657232, 0.7491893, -0.15552998, 9.95354
266510586208520, 5.0440702, 0.47976094, 8.660822, -0.6532902, 0.19124842, 10.010959
266510595849040, 4.8646083, -0.7920243, 8.526823, 0.58739144, -0.070745945, 9.830993
266510605489665, 4.9926243, 0.11844472, 8.749356, -0.30603188, 0.06154108, 10.069466
266510615130186, 5.0045886, -0.2428715, 8.774481, 0.044033587, -0.0011124611, 10.104182
266510624770811, 4.9232326, -0.31465617, 8.7015, 0.11034429, -0.048942566, 10.001939
266510634411332, 5.072784, 0.09810573, 8.780462, -0.28377765, 0.113021374, 10.13637
266510644051853, 4.9519463, -0.2416751, 8.73141, 0.037884533, -0.02118826, 10.040709
266510653692478, 4.981857, -0.15553348, 8.718249, -0.0337106, 0.023402214, 10.042376
266510663332999, 4.9567323, -0.20458634, 8.73141, 0.010206759, -0.012479782, 10.042326
266510672973624, 4.9806604, -0.17108682, 8.863015, -0.029645383, -0.055052757, 10.167858
266510682614145, 5.0189457, -0.16630118, 8.922835, -0.029288173, -0.05303812, 10.23869
266510692254665, 4.974678, -0.19262223, 8.829515, -5.0842762E-5, -0.049227715, 10.136194
266510701895290, 4.912465, -0.20578274, 8.693125, 0.021684349, -0.033907413, 9.9871645
266510711535811, 4.9603214, -0.23688944, 8.644072, 0.065684915, 0.03045988, 9.968733
266510721176436, 4.9866424, -0.19860429, 8.758927, 0.023703992, 0.004029274, 10.080886
266510730816957, 4.983053, -0.19381863, 8.920443, 0.009504557, -0.079577446, 10.219406
266510740457478, 5.0069814, -0.22612174, 8.79123, 0.060189486, 0.0029244423, 10.119442
266510750098103, 4.974678, -0.19501504, 8.650054, 0.038227677, 0.04854107, 9.980234
266510759738624, 4.9543395, -0.1363909, 8.606983, -0.014947295, 0.065475464, 9.931753
266510769379249, 4.9842496, -0.10887343, 8.577073, -0.03410983, 0.10692644, 9.92009
266510779019770, 5.0129633, -0.12801601, 8.626125, -0.018742442, 0.098279476, 9.977285
266510788660395, 4.9770713, -0.14356937, 8.636893, -0.012339592, 0.053173065, 9.969191
266510798300915, 4.9435716, -0.1363909, 8.723035, -0.037122726, -0.021652222, 10.027313
266510807941436, 4.9734817, -0.13399807, 8.842676, -0.051702976, -0.055930614, 10.145966
266510817582061, 5.020142, -0.1471586, 8.903693, -0.042327404, -0.04506731, 10.2223
266510827222582, 5.0045886, -0.20458634, 8.804391, 0.01936388, -0.013974667, 10.129388
266510836863207, 4.944768, -0.20219351, 8.700303, 0.01679051, -0.009898186, 10.00932
266510846503728, 4.9495535, -0.17706887, 8.71466, -0.008743703, -0.00882864, 10.023701
266510856144353, 5.002196, -0.17467605, 8.749356, -0.009817183, 0.02240467, 10.079838
266510865784874, 5.002196, -0.16271193, 8.845069, -0.03202212, -0.021260262, 10.162785
266510875425395, 4.981857, -0.16869399, 8.886943, -0.032701492, -0.060233116, 10.189231
266510885066020, 4.9495535, -0.23330021, 8.804391, 0.037635386, -0.055599213, 10.102736
266510894706540, 4.918447, -0.30269206, 8.628518, 0.123289645, -0.0032382011, 9.935737
266510904347165, 4.843073, -0.2440679, 8.665607, 0.055761695, -0.07338476, 9.929711
266510913987686, 4.8705907, -0.19142582, 8.730213, 0.001217246, -0.07515621, 9.998513
266510923628311, 4.941179, -0.17706887, 8.7780695, -0.00933677, -0.040268898, 10.074691
266510933268832, 5.0141597, -0.1591227, 8.7780695, -0.019631684, 0.019377232, 10.110434
266510942909457, 4.9926243, -0.14955142, 8.785249, -0.03297013, -0.006350994, 10.105845
266510952549978, 4.968696, -0.18305093, 8.816355, -0.005160153, -0.049682617, 10.1216135
266510962190499, 4.971089, -0.22013968, 8.835498, 0.030321956, -0.06180477, 10.140092
266510971831124, 5.0141597, -0.21655045, 8.82832, 0.033587456, -0.013671875, 10.155126
266510981471645, 5.029713, -0.23449662, 8.754142, 0.05927521, 0.033646584, 10.098681
266510991112270, 4.9722853, -0.20817557, 8.730213, 0.031128764, 0.0036597252, 10.049008
266511000752790, 4.981857, -0.1698904, 8.668, -1.9073486E-5, 0.04811144, 9.998984
266511010393415, 5.0177493, -0.11964113, 8.645268, -0.043640196, 0.09729147, 9.996071
266511020033936, 5.0440702, -0.106480606, 8.652447, -0.054357648, 0.11572695, 10.015112
266511029674561, 4.9974103, -0.1471586, 8.678768, -0.020956993, 0.04725027, 10.015694
266511039315082, 4.983053, -0.124426775, 8.801998, -0.05552703, -0.024147987, 10.115227
266511048955707, 4.9938207, -0.11724831, 8.810373, -0.062059283, -0.01804924, 10.12771
266511058596228, 5.0081778, -0.16151553, 8.7673025, -0.007919848, 0.00932312, 10.098187
266511068236853, 5.0129633, -0.2105684, 8.750552, 0.04474187, 0.01424408, 10.086828
266511077877374, 5.002196, -0.19262223, 8.723035, 0.028591454, 0.021317005, 10.057293
266511087517895, 4.9878387, -0.2009971, 8.711071, 0.036091566, 0.013795376, 10.039929
266511097158520, 4.9722853, -0.19142582, 8.669196, 0.028173208, 0.021802425, 9.995697
266511106799040, 4.968696, -0.17467605, 8.646464, 0.011498868, 0.031838417, 9.973899
266511116439665, 4.962714, -0.148355, 8.752945, -0.030621707, -0.022410393, 10.06296
266511126080186, 5.0069814, -0.16031912, 8.846265, -0.021367371, -0.031781197, 10.166144
266511135720811, 4.965107, -0.18185452, 8.853444, -0.006706238, -0.07382202, 10.152011
266511145361332, 4.9567323, -0.14237295, 8.823533, -0.04320681, -0.053510666, 10.121239
266511155001957, 4.9722853, -0.16630118, 8.760123, -0.012753129, -0.012298584, 10.074261
266511164642478, 4.9902315, -0.21655045, 8.707481, 0.047768176, 0.027565956, 10.038252
266511174283103, 4.961518, -0.22731815, 8.652447, 0.059788644, 0.028326035, 9.976412
266511183923624, 4.9543395, -0.2213361, 8.622537, 0.05554813, 0.031728745, 9.946784
266511193564249, 4.9734817, -0.24765715, 8.69791, 0.07786453, 0.0076465607, 10.022194
266511203204770, 4.971089, -0.19621146, 8.79482, 0.014492989, -0.04533434, 10.104297
266511212845395, 5.032106, -0.13998012, 8.861818, -0.03996873, -0.017394543, 10.191742
266511222485915, 5.0009995, -0.14955142, 8.848659, -0.03295964, -0.040664196, 10.165057
266511232126540, 4.9519463, -0.1268196, 8.825927, -0.057166457, -0.06698418, 10.120626
266511241767061, 4.948357, -0.078963146, 8.763713, -0.09285718, -0.023365974, 10.064095
266511251407686, 5.002196, -0.1052842, 8.718249, -0.05633664, 0.041619778, 10.051668
266511261048207, 5.0273204, -0.13998012, 8.669196, -0.011051536, 0.08605194, 10.022025
266511270688832, 4.9878387, -0.21655045, 8.63809, 0.06226492, 0.051952362, 9.9767475
266511280329353, 4.983053, -0.2009971, 8.738588, 0.03338796, -0.003423214, 10.061462
266511289969978, 5.0165524, -0.1794617, 8.825927, 0.008523166, -0.013831615, 10.153557
266511299610499, 5.005785, -0.21415763, 8.752945, 0.0430609, 0.0023713112, 10.085432
266511309251124, 4.9603214, -0.20817557, 8.689535, 0.035033762, -0.0038061142, 10.007743
266511318891645, 4.9064827, -0.18185452, 8.624929, 0.00831759, -0.015006065, 9.924503
266511328532270, 4.9316072, -0.17467605, 8.663215, -0.0018075109, -0.009731293, 9.9700775
266511338172790, 4.9698925, -0.19740787, 8.772088, 0.013924062, -0.033768177, 10.083998
266511347813415, 4.9722853, -0.14117654, 8.859426, -0.049425364, -0.07032585, 10.16
266511357453936, 5.0045886, -0.12203395, 8.873783, -0.065864205, -0.049265385, 10.188133
266511367094561, 5.050052, -0.15433706, 8.886943, -0.02690065, -0.018933773, 10.222696
266511376735082, 4.9938207, -0.17108682, 8.82473, -0.0057144165, -0.034671307, 10.14111
266511386375707, 4.9770713, -0.15553348, 8.733803, -0.009886622, 0.003952503, 10.053589
266511396016228, 4.983053, -0.17467605, 8.635697, 0.024599433, 0.068171024, 9.971526
266511405656853, 5.011767, -0.16630118, 8.544769, 0.027015507, 0.13836432, 9.906496
266511415297374, 4.996214, -0.15792629, 8.608179, 0.010440409, 0.09728241, 9.953807
266511424937999, 4.983053, -0.16510476, 8.71466, 0.0041167736, 0.029839993, 10.040044
266511434578520, 4.981857, -0.15194423, 8.718249, -0.01803404, 0.01937437, 10.042368
266511444219145, 4.9878387, -0.15672988, 8.729017, -0.016540408, 0.015869617, 10.054767
266511453859665, 4.9375896, -0.13519448, 8.721839, -0.0427171, -0.021173954, 10.023287
266511463500290, 4.9663033, -0.18664017, 8.784052, 0.0043813586, -0.03472519, 10.092442
266511473140915, 4.983053, -0.19381863, 8.855837, 0.009414136, -0.050471306, 10.163247
266511482781436, 5.0273204, -0.14596218, 8.913264, -0.03814572, -0.03391695, 10.234204
266511492422061, 5.0129633, -0.12801601, 8.817552, -0.04684019, 0.011759758, 10.143622
266511502062582, 4.938786, -0.16271193, 8.724232, -0.009096205, -0.001537323, 10.026477
266511511703207, 4.895715, -0.124426775, 8.706285, -0.048850656, -0.0059657097, 9.989019
266511521343728, 5.0476594, -0.16271193, 8.610572, 0.016117811, 0.16569519, 9.980961
266511530984353, 4.922036, -0.24885355, 8.668, 0.07812399, 0.021585941, 9.9707575
266511540624874, 4.8382874, -0.2117648, 8.768498, 0.009164274, -0.104683876, 10.016456
266511550265499, 4.918447, -0.2428715, 8.859426, 0.036646247, -0.09218073, 10.135566
266511559906020, 4.9842496, -0.2428715, 8.885747, 0.04309094, -0.04834509, 10.190881
266511569546645, 4.962714, -0.15792629, 8.857033, -0.042490184, -0.042933464, 10.153662
266511579187165, 4.9136615, -0.14117654, 8.713464, -0.050135076, -0.013546467, 10.004286
266511588827790, 4.9292145, -0.15314065, 8.599805, -0.016428351, 0.056223392, 9.913317
266511598468311, 4.9567323, -0.17228323, 8.650054, 0.003098309, 0.05087328, 9.970943
266511608108936, 4.941179, -0.16749759, 8.7469635, -0.013699651, -0.008388519, 10.047508
